 421200 4515200     0.16    -3.50     1.    6.77     1.    5.13     1.
 421200 4515800     0.50    -3.95     1.    7.69     1.    4.96     1.
 421200 4516400    11.65    -4.41     1.    8.63     1.    4.59     1.
 421200 4517000    34.78    -4.86     1.    9.54     1.    4.01     1.
 421200 4517600    54.16    -5.26     1.   10.35     1.    3.19     1.
 421200 4518200    43.96    -5.56     1.   10.98     1.    2.16     1.
 421200 4518800    26.89    -5.75     1.   11.37     1.    0.96     1.
 421200 4519400     0.41    -5.79     1.   11.45     1.   -0.32     1.
 421200 4520000    27.60    -5.68     1.   11.21     1.   -1.57     1.
 421200 4520600    54.87    -5.43     1.   10.70     1.   -2.70     1.
 421200 4521200   106.24    -5.07     1.    9.96     1.   -3.63     1.
 421200 4521800    85.20    -4.64     1.    9.09     1.   -4.33     1.
 421200 4522400    57.83    -4.19     1.    8.16     1.   -4.80     1.
 421200 4523000    16.78    -3.72     1.    7.23     1.   -5.07     1.
 421200 4523600    20.26    -3.28     1.    6.34     1.   -5.16     1.
 421200 4524200     6.27    -2.88     1.    5.53     1.   -5.12     1.
 421200 4524800     5.61    -2.51     1.    4.81     1.   -4.99     1.
 421500 4515500     0.26    -4.06     1.    7.46     1.    5.54     1.
 421500 4516100     0.00    -4.60     1.    8.49     1.    5.30     1.
 421500 4516700     6.92    -5.14     1.    9.54     1.    4.82     1.
 421500 4517300    36.35    -5.65     1.   10.53     1.    4.07     1.
 421500 4517900    54.65    -6.08     1.   11.38     1.    3.04     1.
 421500 4518500    37.26    -6.38     1.   11.98     1.    1.78     1.
 421500 4519100     0.00    -6.52     1.   12.25     1.    0.36     1.
 421500 4519700     0.00    -6.47     1.   12.16     1.   -1.08     1.
 421500 4520300    54.28    -6.25     1.   11.72     1.   -2.44     1.
 421500 4520900    66.95    -5.88     1.   10.98     1.   -3.59     1.
 421500 4521500    83.32    -5.40     1.   10.05     1.   -4.48     1.
 421500 4522100    70.36    -4.87     1.    9.02     1.   -5.09     1.
 421500 4522700    62.19    -4.33     1.    7.98     1.   -5.45     1.
 421500 4523300    41.81    -3.81     1.    6.98     1.   -5.59     1.
 421500 4523900    58.07    -3.32     1.    6.05     1.   -5.57     1.
 421500 4524500    19.36    -2.88     1.    5.23     1.   -5.44     1.
 421800 4515200     0.00    -4.13     1.    7.15     1.    6.09     1.
 421800 4515800     0.00    -4.74     1.    8.25     1.    5.99     1.
 421800 4516400    -0.10    -5.38     1.    9.41     1.    5.65     1.
 421800 4517000    15.91    -6.01     1.   10.57     1.    5.01     1.
 421800 4517600    48.59    -6.58     1.   11.64     1.    4.04     1.
 421800 4518200    19.69    -7.04     1.   12.49     1.    2.76     1.
 421800 4518800     0.00    -7.31     1.   13.01     1.    1.23     1.
 421800 4519400     0.00    -7.37     1.   13.12     1.   -0.42     1.
 421800 4520000    25.87    -7.20     1.   12.80     1.   -2.02     1.
 421800 4520600    50.76    -6.83     1.   12.10     1.   -3.44     1.
 421800 4521200    34.50    -6.31     1.   11.13     1.   -4.57     1.
 421800 4521800    33.12    -5.70     1.   10.00     1.   -5.37     1.
 421800 4522400    69.16    -5.06     1.    8.83     1.   -5.86     1.
 421800 4523000    64.50    -4.43     1.    7.69     1.   -6.07     1
 421800 4523600    93.96    -3.85     1.    6.64     1.   -6.08     1
 421800 4524200   115.39    -3.32     1.    5.70     1.   -5.94     1
 421800 4524800    34.71    -2.86     1.    4.89     1.   -5.71     1
 422100 4515500     0.00    -4.83     1.    7.88     1.    6.64     1
 422100 4516100     0.00    -5.56     1.    9.14     1.    6.47     1
 422100 4516700     0.00    -6.32     1.   10.45     1.    5.99     1
 422100 4517300     0.00    -7.05     1.   11.73     1.    5.14     1
 422100 4517900     0.00    -7.69     1.   12.85     1.    3.90     1
 422100 4518500     0.00    -8.14     1.   13.66     1.    2.30     1
 422100 4519100     0.00    -8.35     1.   14.04     1.    0.47     1
 422100 4519700     0.00    -8.28     1.   13.91     1.   -1.41     1
 422100 4520300    48.10    -7.94     1.   13.31     1.   -3.14     1
 422100 4520900    55.27    -7.39     1.   12.32     1.   -4.57     1
 422100 4521500    11.88    -6.70     1.   11.11     1.   -5.62     1
 422100 4522100    73.43    -5.95     1.    9.79     1.   -6.27     1
 422100 4522700    94.86    -5.20     1.    8.50     1.   -6.59     1
 422100 4523300   100.80    -4.49     1.    7.30     1.   -6.65     1
 422100 4523900   131.61    -3.86     1.    6.23     1.   -6.51     1
 422100 4524500   117.56    -3.30     1.    5.30     1.   -6.26     1
 422400 4515200     0.00    -4.87     1.    7.41     1.    7.23     1
 422400 4515800     0.00    -5.68     1.    8.71     1.    7.24     1
 422400 4516400     0.00    -6.57     1.   10.14     1.    6.96     1
 422400 4517000     0.00    -7.46     1.   11.62     1.    6.30     1
 422400 4517600     0.00    -8.30     1.   13.01     1.    5.17     1
 422400 4518200     0.00    -8.99     1.   14.16     1.    3.58     1
 422400 4518800     0.00    -9.41     1.   14.87     1.    1.61     1
 422400 4519400     0.00    -9.50     1.   15.02     1.   -0.54     1
 422400 4520000     0.00    -9.24     1.   14.58     1.   -2.64     1
 422400 4520600     7.60    -8.68     1.   13.63     1.   -4.44     1
 422400 4521200    11.61    -7.90     1.   12.34     1.   -5.80     1
 422400 4521800    57.20    -7.02     1.   10.89     1.   -6.69     1
 422400 4522400    83.74    -6.12     1.    9.42     1.   -7.15     1
 422400 4523000   114.57    -5.27     1.    8.05     1.   -7.27     1
 422400 4523600   122.28    -4.50     1.    6.82     1.   -7.15     1
 422400 4524200   138.35    -3.82     1.    5.76     1.   -6.87     1
 422400 4524800    74.67    -3.24     1.    4.86     1.   -6.50     1
 422700 4515500     0.00    -5.73     1.    8.16     1.    7.95     1
 422700 4516100     0.00    -6.73     1.    9.65     1.    7.90     1
 422700 4516700     0.00    -7.79     1.   11.28     1.    7.47     1
 422700 4517300     0.00    -8.85     1.   12.93     1.    6.54     1
 422700 4517900     0.00    -9.80     1.   14.42     1.    5.05     1
 422700 4518500     0.00   -10.50     1.   15.53     1.    3.02     1
 422700 4519100     0.00   -10.83     1.   16.05     1.    0.62     1
 422700 4519700     0.00   -10.72     1.   15.88     1.   -1.86     1
 422700 4520300     0.00   -10.19     1.   15.04     1.   -4.10     1
 422700 4520900    52.01    -9.35     1.   13.71     1.   -5.88     1
 422700 4521500    17.36    -8.33     1.   12.11     1.   -7.08     1
 422700 4522100    50.19    -7.26     1.   10.46     1.   -7.74     1
 422700 4522700   109.68    -6.22     1.    8.89     1.   -7.97     1
 422700 4523300    99.70    -5.28     1.    7.48     1.   -7.87     1
 422700 4523900   132.52    -4.46     1.    6.27     1.   -7.57     1
 422700 4524500   122.57    -3.76     1.    5.25     1.   -7.16     1
 423000 4515200     0.00    -5.71     1.    7.49     1.    8.54     1
 423000 4515800     0.00    -6.79     1.    8.99     1.    8.74     1
 423000 4516400     0.00    -8.01     1.   10.71     1.    8.59     1
 423000 4517000     0.00    -9.29     1.   12.55     1.    7.95     1
 423000 4517600     0.00   -10.53     1.   14.37     1.    6.68     1
 423000 4518200     0.00   -11.58     1.   15.92     1.    4.71     1
 423000 4518800     0.00   -12.24     1.   16.91     1.    2.14     1
 423000 4519400     0.00   -12.38     1.   17.12     1.   -0.73     1
 423000 4520000     0.00   -11.97     1.   16.50     1.   -3.49     1
 423000 4520600    58.82   -11.10     1.   15.20     1.   -5.78     1
 423000 4521200    69.66    -9.93     1.   13.48     1.   -7.41     1
 423000 4521800    19.90    -8.65     1.   11.63     1.   -8.35     1
 423000 4522400    38.17    -7.39     1.    9.83     1.   -8.73     1
 423000 4523000    79.72    -6.24     1.    8.22     1.   -8.68     1
 423000 4523600   105.09    -5.23     1.    6.83     1.   -8.37     1
 423000 4524200   115.43    -4.37     1.    5.66     1.   -7.90     1
 423000 4524800    82.22    -3.65     1.    4.70     1.   -7.35     1
 423300 4515500     0.00    -6.76     1.    8.19     1.    9.45     1
 423300 4516100     0.00    -8.09     1.    9.92     1.    9.61     1
 423300 4516700     0.00    -9.58     1.   11.88     1.    9.32     1
 423300 4517300     0.00   -11.13     1.   13.96     1.    8.38     1
 423300 4517900     0.00   -12.56     1.   15.94     1.    6.62     1
 423300 4518500     0.00   -13.66     1.   17.46     1.    4.03     1
 423300 4519100     0.00   -14.18     1.   18.20     1.    0.84     1
 423300 4519700     0.00   -14.00     1.   17.95     1.   -2.49     1
 423300 4520300     0.00   -13.17     1.   16.78     1.   -5.43     1
 423300 4520900    85.12   -11.88     1.   14.99     1.   -7.61     1
 423300 4521500    29.96   -10.37     1.   12.93     1.   -8.95     1
 423300 4522100    19.60    -8.83     1.   10.88     1.   -9.54     1
 423300 4522700    91.52    -7.41     1.    9.03     1.   -9.58     1
 423300 4523300   126.73    -6.17     1.    7.43     1.   -9.26     1
 423300 4523900   111.92    -5.11     1.    6.11     1.   -8.74     1
 423300 4524500    97.79    -4.24     1.    5.02     1.   -8.11     1
 423600 4515200     0.00    -6.63     1.    7.28     1.   10.00     1
 423600 4515800     0.00    -8.05     1.    8.95     1.   10.46     1
 423600 4516400     0.00    -9.70     1.   10.93     1.   10.56     1
 423600 4517000     0.00   -11.53     1.   13.17     1.   10.05     1
 423600 4517600     0.00   -13.38     1.   15.50     1.    8.67     1
 423600 4518200     0.00   -14.99     1.   17.57     1.    6.25     1
 423600 4518800     0.00   -16.04     1.   18.95     1.    2.89     1
 423600 4519400     0.00   -16.27     1.   19.25     1.   -0.98     1
 423600 4520000     8.80   -15.61     1.   18.38     1.   -4.68     1
 423600 4520600    31.66   -14.24     1.   16.60     1.   -7.60     1
 423600 4521200    35.47   -12.48     1.   14.35     1.   -9.49     1
 423600 4521800    25.32   -10.61     1.   12.04     1.  -10.41     1
 423600 4522400    37.31    -8.86     1.    9.91     1.  -10.58     1
 423600 4523000   175.13    -7.32     1.    8.08     1.  -10.27     1
 423600 4523600   150.07    -6.01     1.    6.57     1.   -9.69     1
 423600 4524200   110.96    -4.94     1.    5.35     1.   -8.98     1
 423600 4524800    90.79    -4.07     1.    4.37     1.   -8.22     1
 423900 4515500     0.00    -7.87     1.    7.85     1.   11.11     1
 423900 4516100     0.00    -9.64     1.    9.75     1.   11.59     1
 423900 4516700     0.00   -11.70     1.   12.02     1.   11.57     1
 423900 4517300     0.00   -13.94     1.   14.56     1.   10.71     1
 423900 4517900     0.00   -16.11     1.   17.11     1.    8.71     1
 423900 4518500     0.00   -17.84     1.   19.19     1.    5.42     1
 423900 4519100     0.00   -18.69     1.   20.22     1.    1.14     1
 423900 4519700     8.91   -18.41     1.   19.87     1.   -3.38     1
 423900 4520300    11.22   -17.07     1.   18.25     1.   -7.24     1
 423900 4520900    21.44   -15.07     1.   15.87     1.   -9.88     1
 423900 4521500    35.22   -12.82     1.   13.28     1.  -11.28     1
 423900 4522100    43.00   -10.65     1.   10.85     1.  -11.67     1
 423900 4522700   207.54    -8.73     1.    8.76     1.  -11.41     1
 423900 4523300   229.26    -7.11     1.    7.05     1.  -10.77     1
 423900 4523900   150.06    -5.79     1.    5.67     1.   -9.95     1
 423900 4524500   117.95    -4.73     1.    4.59     1.   -9.09     1
 424200 4515200     0.00    -7.58     1.    6.69     1.   11.53     1
 424200 4515800     0.00    -9.40     1.    8.42     1.   12.36     1
 424200 4516400     0.00   -11.61     1.   10.58     1.   12.82     1
 424200 4517000     0.00   -14.17     1.   13.16     1.   12.59     1
 424200 4517600     0.00   -16.90     1.   16.00     1.   11.23     1
 424200 4518200     0.00   -19.40     1.   18.71     1.    8.35     1
 424200 4518800     0.00   -21.11     1.   20.60     1.    3.94     1
 424200 4519400     0.00   -21.49     1.   21.02     1.   -1.35     1
 424200 4520000     1.79   -20.40     1.   19.80     1.   -6.33     1
 424200 4520600     5.96   -18.22     1.   17.41     1.  -10.01     1
 424200 4521200    33.20   -15.55     1.   14.57     1.  -12.10     1
 424200 4521800   126.88   -12.87     1.   11.83     1.  -12.84     1
 424200 4522400   158.22   -10.47     1.    9.45     1.  -12.67     1
 424200 4523000   244.81    -8.46     1.    7.51     1.  -11.98     1
 424200 4523600   220.18    -6.82     1.    5.97     1.  -11.06     1
 424200 4524200   143.95    -5.51     1.    4.77     1.  -10.06     1
 424200 4524800   110.02    -4.48     1.    3.84     1.   -9.08     1
 424500 4515500     0.00    -9.01     1.    7.01     1.   12.83     1
 424500 4516100     0.00   -11.28     1.    8.94     1.   13.74     1
 424500 4516700     0.00   -14.05     1.   11.37     1.   14.14     1
 424500 4517300     0.00   -17.23     1.   14.27     1.   13.57     1
 424500 4517900     0.00   -20.50     1.   17.38     1.   11.44     1
 424500 4518500     0.00   -23.26     1.   20.11     1.    7.35     1
 424500 4519100     0.00   -24.67     1.   21.53     1.    1.57     1
 424500 4519700     0.00   -24.19     1.   21.04     1.   -4.63     1
 424500 4520300     1.08   -22.01     1.   18.85     1.   -9.66     1
 424500 4520900    38.85   -18.90     1.   15.83     1.  -12.75     1
 424500 4521500    66.17   -15.62     1.   12.78     1.  -14.03     1
 424500 4522100   201.27   -12.62     1.   10.10     1.  -14.04     1
 424500 4522700   106.92   -10.10     1.    7.93     1.  -13.34     1
 424500 4523300   273.39    -8.06     1.    6.22     1.  -12.30     1
 424500 4523900   194.64    -6.45     1.    4.91     1.  -11.15     1
 424500 4524500   121.44    -5.19     1.    3.91     1.  -10.01     1
 424800 4515200     0.00    -8.49     1.    5.62     1.   13.01     1
 424800 4515800     0.00   -10.75     1.    7.24     1.   14.27     1
 424800 4516400     0.00   -13.59     1.    9.36     1.   15.24     1
 424800 4517000     0.00   -17.06     1.   12.05     1.   15.48     1
 424800 4517600     0.00   -20.98     1.   15.24     1.   14.36     1
 424800 4518200     0.00   -24.83     1.   18.52     1.   11.10     1
 424800 4518800     0.00   -27.61     1.   21.00     1.    5.39     1
 424800 4519400     0.00   -28.25     1.   21.58     1.   -1.86     1
 424800 4520000     0.00   -26.44     1.   19.94     1.   -8.56     1
 424800 4520600     8.28   -22.98     1.   16.92     1.  -13.06     1
 424800 4521200    57.91   -19.00     1.   13.60     1.  -15.16     1
 424800 4521800   253.98   -15.27     1.   10.64     1.  -15.50     1
 424800 4522400   127.68   -12.11     1.    8.24     1.  -14.83     1
 424800 4523000   109.06    -9.56     1.    6.38     1.  -13.68     1
 424800 4523600   244.34    -7.57     1.    4.97     1.  -12.36     1
 424800 4524200   152.49    -6.03     1.    3.91     1.  -11.05     1
 424800 4524800    94.42    -4.84     1.    3.10     1.   -9.84     1
 425100 4515500     0.00   -10.05     1.    5.58     1.   14.43     1
 425100 4516100     0.00   -12.85     1.    7.29     1.   15.84     1
 425100 4516700     0.00   -16.41     1.    9.56     1.   16.81     1
 425100 4517300     0.00   -20.74     1.   12.46     1.   16.75     1
 425100 4517900     0.00   -25.51     1.   15.85     1.   14.74     1
 425100 4518500     0.00   -29.83     1.   19.10     1.    9.86     1
 425100 4519100     0.00   -32.17     1.   20.93     1.    2.15     1
 425100 4519700     0.00   -31.35     1.   20.28     1.   -6.31     1
 425100 4520300     0.00   -27.83     1.   17.56     1.  -12.73     1
 425100 4520900    59.57   -23.13     1.   14.12     1.  -16.08     1
 425100 4521500   109.17   -18.51     1.   10.94     1.  -16.98     1
 425100 4522100   232.23   -14.55     1.    8.36     1.  -16.43     1
 425100 4522700   115.60   -11.38     1.    6.38     1.  -15.18     1
 425100 4523300   234.57    -8.91     1.    4.90     1.  -13.69     1
 425100 4523900   192.66    -7.02     1.    3.80     1.  -12.20     1
 425100 4524500   107.45    -5.58     1.    2.99     1.  -10.81     1
 425400 4515200     0.00    -9.26     1.    4.05     1.   14.27     1
 425400 4515800     0.00   -11.91     1.    5.32     1.   15.96     1
 425400 4516400     0.00   -15.39     1.    7.06     1.   17.48     1
 425400 4517000     0.00   -19.82     1.    9.38     1.   18.35     1
 425400 4517600     0.00   -25.16     1.   12.37     1.   17.73     1
 425400 4518200     0.00   -30.82     1.   15.76     1.   14.37     1
 425400 4518800     0.00   -35.24     1.   18.58     1.    7.25     1
 425400 4519400     0.00   -36.30     1.   19.28     1.   -2.54     1
 425400 4520000     0.60   -33.34     1.   17.34     1.  -11.32     1
 425400 4520600    55.64   -28.04     1.   14.05     1.  -16.51     1
 425400 4521200    70.68   -22.42     1.   10.80     1.  -18.33     1
 425400 4521800   116.02   -17.50     1.    8.14     1.  -18.06     1
 425400 4522400    78.54   -13.56     1.    6.13     1.  -16.79     1
 425400 4523000    59.57   -10.51     1.    4.64     1.  -15.14     1
 425400 4523600   165.99    -8.20     1.    3.55     1.  -13.45     1
 425400 4524200   143.61    -6.45     1.    2.76     1.  -11.87     1
 425400 4524800    74.33    -5.12     1.    2.17     1.  -10.45     1
 425700 4515500     0.00   -10.86     1.    3.56     1.   15.69     1
 425700 4516100     0.00   -14.11     1.    4.74     1.   17.55     1
 425700 4516700     0.00   -18.39     1.    6.37     1.   19.10     1
 425700 4517300     0.00   -23.86     1.    8.59     1.   19.69     1
 425700 4517900     0.00   -30.31     1.   11.42     1.   18.12     1
 425700 4518500     0.00   -36.66     1.   14.43     1.   12.71     1
 425700 4519100     0.00   -40.37     1.   16.30     1.    2.85     1
 425700 4519700     0.00   -39.05     1.   15.62     1.   -8.30     1
 425700 4520300    43.60   -33.64     1.   12.96     1.  -16.03     1
 425700 4520900    70.43   -27.02     1.    9.94     1.  -19.30     1
 425700 4521500    80.52   -21.00     1.    7.40     1.  -19.61     1
 425700 4522100    75.76   -16.13     1.    5.49     1.  -18.42     1
 425700 4522700    66.55   -12.38     1.    4.10     1.  -16.65     1
 425700 4523300    55.90    -9.56     1.    3.10     1.  -14.77     1
 425700 4523900    56.82    -7.45     1.    2.37     1.  -12.99     1
 425700 4524500   110.35    -5.87     1.    1.85     1.  -11.40     1
 426000 4515200     0.00    -9.76     1.    2.05     1.   15.11     1
 426000 4515800     0.00   -12.70     1.    2.73     1.   17.13     1
 426000 4516400     0.00   -16.65     1.    3.68     1.   19.09     1
 426000 4517000     0.00   -21.86     1.    5.02     1.   20.53     1
 426000 4517600     0.00   -28.45     1.    6.84     1.   20.52     1
 426000 4518200     0.00   -35.93     1.    9.11     1.   17.36     1
 426000 4518800     0.00   -42.30     1.   11.21     1.    9.14     1
 426000 4519400    19.03   -43.92     1.   11.76     1.   -3.24     1
 426000 4520000    39.41   -39.48     1.   10.25     1.  -14.00     1
 426000 4520600    64.01   -32.18     1.    7.94     1.  -19.50     1
 426000 4521200    95.96   -25.02     1.    5.87     1.  -20.82     1
 426000 4521800   125.26   -19.11     1.    4.30     1.  -19.94     1
 426000 4522400    77.40   -14.55     1.    3.17     1.  -18.16     1
 426000 4523000    62.92   -11.14     1.    2.36     1.  -16.13     1
 426000 4523600    56.74    -8.60     1.    1.79     1.  -14.16     1
 426000 4524200    52.43    -6.72     1.    1.38     1.  -12.39     1
 426000 4524800    56.45    -5.31     1.    1.07     1.  -10.84     1
 426300 4515500     0.00   -11.28     1.    1.09     1.   16.36     1
 426300 4516100     0.00   -14.79     1.    1.47     1.   18.48     1
 426300 4516700     0.00   -19.50     1.    2.00     1.   20.41     1
 426300 4517300     0.00   -25.68     1.    2.75     1.   21.48     1
 426300 4517900     0.00   -33.32     1.    3.77     1.   20.33     1
 426300 4518500     0.00   -41.31     1.    4.94     1.   14.79     1
 426300 4519100     5.35   -46.30     1.    5.73     1.    3.40     1
 426300 4519700    44.38   -44.49     1.    5.44     1.   -9.82     1
 426300 4520300    67.86   -37.43     1.    4.35     1.  -18.31     1
 426300 4520900    95.73   -29.38     1.    3.23     1.  -21.33     1
 426300 4521500   155.50   -22.42     1.    2.35     1.  -21.15     1
 426300 4522100   142.12   -17.00     1.    1.71     1.  -19.53     1
 426300 4522700    75.67   -12.92     1.    1.26     1.  -17.44     1
 426300 4523300    59.75    -9.90     1.    0.95     1.  -15.34     1
 426300 4523900    60.64    -7.67     1.    0.72     1.  -13.40     1
 426300 4524500    86.47    -6.02     1.    0.56     1.  -11.70     1
 426600 4515200     0.00    -9.92     1.   -0.19     1.   15.37     1
 426600 4515800     0.00   -12.95     1.   -0.25     1.   17.50     1
 426600 4516400     0.00   -17.06     1.   -0.34     1.   19.61     1
 426600 4517000     0.00   -22.53     1.   -0.47     1.   21.27     1
 426600 4517600     0.00   -29.58     1.   -0.65     1.   21.50     1
 426600 4518200     0.00   -37.80     1.   -0.88     1.   18.51     1
 426600 4518800     0.00   -45.06     1.   -1.11     1.    9.93     1
 426600 4519400    19.23   -46.95     1.   -1.17     1.   -3.54     1
 426600 4520000    69.12   -41.81     1.   -1.00     1.  -15.07     1
 426600 4520600   103.94   -33.65     1.   -0.76     1.  -20.60     1
 426600 4521200   127.28   -25.89     1.   -0.56     1.  -21.68     1
 426600 4521800   170.21   -19.63     1.   -0.40     1.  -20.57     1
 426600 4522400   100.96   -14.87     1.   -0.30     1.  -18.60     1
 426600 4523000    88.62   -11.34     1.   -0.22     1.  -16.44     1
 426600 4523600    78.82    -8.73     1.   -0.17     1.  -14.39     1
 426600 4524200    95.90    -6.80     1.   -0.13     1.  -12.55     1
 426600 4524800    57.87    -5.36     1.   -0.10     1.  -10.96     1
 426900 4515500     0.00   -11.24     1.   -1.52     1.   16.29     1
 426900 4516100     0.00   -14.72     1.   -2.04     1.   18.40     1
 426900 4516700     0.00   -19.39     1.   -2.79     1.   20.29     1
 426900 4517300     0.00   -25.51     1.   -3.83     1.   21.30     1
 426900 4517900     0.00   -33.02     1.   -5.22     1.   20.11     1
 426900 4518500     0.00   -40.83     1.   -6.81     1.   14.57     1
 426900 4519100     0.00   -45.67     1.   -7.88     1.    3.34     1
 426900 4519700    65.05   -43.92     1.   -7.49     1.   -9.66     1
 426900 4520300   107.29   -37.05     1.   -6.02     1.  -18.07     1
 426900 4520900   149.37   -29.15     1.   -4.48     1.  -21.13     1
 426900 4521500   180.87   -22.29     1.   -3.26     1.  -21.00     1
 426900 4522100   141.25   -16.91     1.   -2.38     1.  -19.42     1
 426900 4522700   129.13   -12.87     1.   -1.76     1.  -17.37     1
 426900 4523300   131.79    -9.87     1.   -1.32     1.  -15.28     1
 426900 4523900    91.46    -7.65     1.   -1.01     1.  -13.36     1
 426900 4524500   124.97    -6.00     1.   -0.78     1.  -11.67     1
 427200 4515200     0.00    -9.70     1.   -2.41     1.   15.00     1
 427200 4515800     0.00   -12.61     1.   -3.20     1.   16.98     1
 427200 4516400     0.00   -16.49     1.   -4.31     1.   18.88     1
 427200 4517000     0.00   -21.60     1.   -5.85     1.   20.25     1
 427200 4517600     0.00   -28.02     1.   -7.94     1.   20.15     1
 427200 4518200     0.00   -35.24     1.  -10.50     1.   16.95     1
 427200 4518800     0.00   -41.31     1.  -12.84     1.    8.86     1
 427200 4519400    85.38   -42.83     1.  -13.46     1.   -3.14     1
 427200 4520000   102.73   -38.63     1.  -11.78     1.  -13.62     1
 427200 4520600   169.10   -31.63     1.   -9.19     1.  -19.09     1
 427200 4521200   205.68   -24.68     1.   -6.83     1.  -20.50     1
 427200 4521800   204.24   -18.91     1.   -5.02     1.  -19.70     1
 427200 4522400   165.56   -14.43     1.   -3.71     1.  -17.98     1
 427200 4523000   146.36   -11.06     1.   -2.77     1.  -16.00     1
 427200 4523600   115.65    -8.55     1.   -2.10     1.  -14.08     1
 427200 4524200    95.21    -6.69     1.   -1.62     1.  -12.33     1
 427200 4524800    76.69    -5.28     1.   -1.26     1.  -10.79     1
 427500 4515500     0.00   -10.75     1.   -3.93     1.   15.51     1
 427500 4516100     0.00   -13.93     1.   -5.22     1.   17.31     1
 427500 4516700     0.00   -18.11     1.   -7.00     1.   18.77     1
 427500 4517300     0.00   -23.40     1.   -9.39     1.   19.26     1
 427500 4517900     0.00   -29.58     1.  -12.39     1.   17.59     1
 427500 4518500     0.00   -35.58     1.  -15.54     1.   12.24     1
 427500 4519100    93.78   -39.04     1.  -17.46     1.    2.73     1
 427500 4519700   156.07   -37.82     1.  -16.76     1.   -7.96     1
 427500 4520300   149.86   -32.75     1.  -14.01     1.  -15.50     1
 427500 4520900   145.71   -26.44     1.  -10.83     1.  -18.82     1
 427500 4521500   194.07   -20.64     1.   -8.11     1.  -19.22     1
 427500 4522100    90.64   -15.91     1.   -6.04     1.  -18.13     1
 427500 4522700   150.56   -12.25     1.   -4.53     1.  -16.44     1
 427500 4523300   121.09    -9.47     1.   -3.43     1.  -14.62     1
 427500 4523900   101.30    -7.39     1.   -2.63     1.  -12.88     1
 427500 4524500   131.44    -5.83     1.   -2.05     1.  -11.32     1
 427800 4515200     0.00    -9.15     1.   -4.35     1.   14.08     1
 427800 4515800     0.00   -11.74     1.   -5.69     1.   15.71     1
 427800 4516400     0.00   -15.12     1.   -7.52     1.   17.14     1
 427800 4517000     0.00   -19.39     1.   -9.95     1.   17.90     1
 427800 4517600     0.00   -24.49     1.  -13.02     1.   17.18     1
 427800 4518200     0.00   -29.83     1.  -16.46     1.   13.81     1
 427800 4518800     0.00   -33.94     1.  -19.27     1.    6.92     1
 427800 4519400   140.05   -34.91     1.  -19.96     1.   -2.41     1
 427800 4520000   143.41   -32.17     1.  -18.04     1.  -10.84     1
 427800 4520600    90.00   -27.22     1.  -14.74     1.  -15.93     1
 427800 4521200   162.29   -21.88     1.  -11.42     1.  -17.82     1
 427800 4521800    49.67   -17.16     1.   -8.66     1.  -17.67     1
 427800 4522400   125.11   -13.34     1.   -6.54     1.  -16.49     1
 427800 4523000   123.25   -10.37     1.   -4.97     1.  -14.92     1
 427800 4523600   100.38    -8.10     1.   -3.82     1.  -13.29     1
 427800 4524200   105.54    -6.39     1.   -2.97     1.  -11.75     1
 427800 4524800    91.42    -5.08     1.   -2.33     1.  -10.36     1
 428100 4515500     0.00    -9.89     1.   -5.86     1.   14.18     1
 428100 4516100     0.00   -12.61     1.   -7.63     1.   15.50     1
 428100 4516700     0.00   -16.03     1.   -9.95     1.   16.37     1
 428100 4517300     0.00   -20.16     1.  -12.89     1.   16.21     1
 428100 4517900     0.00   -24.66     1.  -16.28     1.   14.17     1
 428100 4518500     0.00   -28.68     1.  -19.47     1.    9.41     1
 428100 4519100    96.21   -30.83     1.  -21.24     1.    2.04     1
 428100 4519700    83.72   -30.08     1.  -20.61     1.   -6.00     1
 428100 4520300    59.78   -26.82     1.  -17.97     1.  -12.18     1
 428100 4520900   108.26   -22.42     1.  -14.56     1.  -15.51     1
 428100 4521500    36.75   -18.04     1.  -11.36     1.  -16.49     1
 428100 4522100    46.15   -14.25     1.   -8.72     1.  -16.04     1
 428100 4522700   174.65   -11.18     1.   -6.69     1.  -14.89     1
 428100 4523300   107.58    -8.78     1.   -5.16     1.  -13.48     1
 428100 4523900    93.71    -6.94     1.   -4.01     1.  -12.04     1
 428100 4524500   136.06    -5.52     1.   -3.16     1.  -10.69     1
 428400 4515200     0.00    -8.35     1.   -5.83     1.   12.77     1
 428400 4515800     0.00   -10.53     1.   -7.49     1.   13.96     1
 428400 4516400     0.00   -13.27     1.   -9.63     1.   14.84     1
 428400 4517000     0.00   -16.57     1.  -12.33     1.   14.99     1
 428400 4517600     0.00   -20.27     1.  -15.49     1.   13.80     1
 428400 4518200     0.00   -23.86     1.  -18.69     1.   10.60     1
 428400 4518800     0.00   -26.43     1.  -21.08     1.    5.12     1
 428400 4519400    85.77   -27.01     1.  -21.63     1.   -1.77     1
 428400 4520000    51.38   -25.35     1.  -20.06     1.   -8.14     1
 428400 4520600    51.54   -22.15     1.  -17.13     1.  -12.51     1
 428400 4521200   128.58   -18.41     1.  -13.87     1.  -14.63     1
 428400 4521800    44.12   -14.87     1.  -10.92     1.  -15.05     1
 428400 4522400   108.98   -11.84     1.   -8.50     1.  -14.48     1
 428400 4523000   142.62    -9.39     1.   -6.61     1.  -13.40     1
 428400 4523600   102.00    -7.45     1.   -5.17     1.  -12.15     1
 428400 4524200   151.60    -5.95     1.   -4.07     1.  -10.90     1
 428400 4524800   144.97    -4.78     1.   -3.24     1.   -9.72     1
 428700 4515500     0.00    -8.82     1.   -7.19     1.   12.55     1
 428700 4516100     0.00   -11.01     1.   -9.13     1.   13.38     1
 428700 4516700     0.00   -13.65     1.  -11.55     1.   13.70     1
 428700 4517300     0.00   -16.65     1.  -14.40     1.   13.06     1
 428700 4517900     0.00   -19.72     1.  -17.44     1.   10.94     1
 428700 4518500     0.00   -22.27     1.  -20.05     1.    6.99     1
 428700 4519100    81.81   -23.56     1.  -21.40     1.    1.48     1
 428700 4519700    54.09   -23.12     1.  -20.93     1.   -4.39     1
 428700 4520300    30.17   -21.12     1.  -18.85     1.   -9.21     1
 428700 4520900    74.11   -18.22     1.  -15.93     1.  -12.23     1
 428700 4521500    38.13   -15.13     1.  -12.94     1.  -13.55     1
 428700 4522100    55.49   -12.29     1.  -10.29     1.  -13.64     1
 428700 4522700   210.48    -9.87     1.   -8.11     1.  -13.02     1
 428700 4523300   153.13    -7.91     1.   -6.39     1.  -12.05     1
 428700 4523900   176.29    -6.34     1.   -5.06     1.  -10.95     1
 428700 4524500   201.34    -5.11     1.   -4.04     1.   -9.86     1
 429000 4515200     0.00    -7.42     1.   -6.82     1.   11.27     1
 429000 4515800     0.00    -9.17     1.   -8.55     1.   12.04     1
 429000 4516400     0.00   -11.28     1.  -10.69     1.   12.43     1
 429000 4517000     0.00   -13.71     1.  -13.22     1.   12.14     1
 429000 4517600     0.00   -16.26     1.  -15.99     1.   10.76     1
 429000 4518200     0.00   -18.59     1.  -18.58     1.    7.96     1
 429000 4518800     0.00   -20.17     1.  -20.38     1.    3.74     1
 429000 4519400    62.56   -20.51     1.  -20.78     1.   -1.28     1
 429000 4520000    22.20   -19.52     1.  -19.63     1.   -6.01     1
 429000 4520600    24.66   -17.50     1.  -17.35     1.   -9.56     1
 429000 4521200    82.41   -15.00     1.  -14.60     1.  -11.62     1
 429000 4521800    41.79   -12.48     1.  -11.92     1.  -12.41     1
 429000 4522400   170.47   -10.20     1.   -9.57     1.  -12.31     1
 429000 4523000   179.80    -8.26     1.   -7.64     1.  -11.70     1
 429000 4523600   203.99    -6.68     1.   -6.10     1.  -10.83     1
 429000 4524200   233.25    -5.42     1.   -4.89     1.   -9.88     1
 429000 4524800   248.55    -4.41     1.   -3.95     1.   -8.94     1
 429300 4515500     0.00    -7.68     1.   -7.94     1.   10.83     1
 429300 4516100     0.00    -9.37     1.   -9.82     1.   11.25     1
 429300 4516700    27.30   -11.33     1.  -12.04     1.   11.17     1
 429300 4517300     0.00   -13.43     1.  -14.51     1.   10.29     1
 429300 4517900     0.00   -15.46     1.  -16.96     1.    8.32     1
 429300 4518500     0.00   -17.06     1.  -18.93     1.    5.16     1
 429300 4519100    50.49   -17.85     1.  -19.91     1.    1.08     1
 429300 4519700    86.38   -17.58     1.  -19.58     1.   -3.21     1
 429300 4520300    19.18   -16.35     1.  -18.04     1.   -6.89     1
 429300 4520900    19.31   -14.49     1.  -15.77     1.   -9.47     1
 429300 4521500    85.42   -12.38     1.  -13.27     1.  -10.86     1
 429300 4522100   141.49   -10.33     1.  -10.90     1.  -11.30     1
 429300 4522700   185.01    -8.50     1.   -8.84     1.  -11.09     1
 429300 4523300   167.04    -6.95     1.   -7.14     1.  -10.51     1
 429300 4523900   174.49    -5.68     1.   -5.77     1.   -9.75     1
 429300 4524500   263.55    -4.65     1.   -4.67     1.   -8.93     1
 429600 4515200     0.00    -6.47     1.   -7.34     1.    9.75     1
 429600 4515800     0.00    -7.83     1.   -8.99     1.   10.16     1
 429600 4516400    23.12    -9.40     1.  -10.93     1.   10.21     1
 429600 4517000     0.00   -11.13     1.  -13.10     1.    9.66     1
 429600 4517600     0.00   -12.86     1.  -15.34     1.    8.30     1
 429600 4518200     0.00   -14.36     1.  -17.32     1.    5.96     1
 429600 4518800    26.28   -15.33     1.  -18.62     1.    2.74     1
 429600 4519400    67.03   -15.54     1.  -18.91     1.   -0.93     1
 429600 4520000    91.60   -14.93     1.  -18.08     1.   -4.45     1
 429600 4520600    12.09   -13.66     1.  -16.39     1.   -7.26     1
 429600 4521200    21.69   -12.01     1.  -14.24     1.   -9.11     1
 429600 4521800    77.27   -10.26     1.  -12.00     1.  -10.04     1
 429600 4522400   158.19    -8.60     1.   -9.93     1.  -10.26     1
 429600 4523000   166.23    -7.13     1.   -8.13     1.  -10.00     1
 429600 4523600   161.27    -5.88     1.   -6.64     1.   -9.46     1
 429600 4524200   201.28    -4.85     1.   -5.42     1.   -8.79     1
 429600 4524800   255.39    -4.00     1.   -4.44     1.   -8.08     1
 429900 4515500     0.00    -6.58     1.   -8.21     1.    9.19     1
 429900 4516100     0.00    -7.85     1.   -9.90     1.    9.31     1
 429900 4516700     0.00    -9.26     1.  -11.81     1.    8.98     1
 429900 4517300     0.00   -10.71     1.  -13.81     1.    8.04     1
 429900 4517900     0.00   -12.05     1.  -15.70     1.    6.32     1
 429900 4518500    12.10   -13.06     1.  -17.15     1.    3.84     1
 429900 4519100    35.26   -13.55     1.  -17.84     1.    0.80     1
 429900 4519700    48.34   -13.38     1.  -17.61     1.   -2.37     1
 429900 4520300     5.69   -12.62     1.  -16.50     1.   -5.17     1
 429900 4520900    11.88   -11.42     1.  -14.79     1.   -7.29     1
 429900 4521500    28.47   -10.00     1.  -12.81     1.   -8.61     1
 429900 4522100   160.22    -8.55     1.  -10.84     1.   -9.22     1
 429900 4522700   162.31    -7.20     1.   -9.03     1.   -9.30     1
 429900 4523300   165.96    -6.01     1.   -7.46     1.   -9.02     1
 429900 4523900   165.68    -5.00     1.   -6.15     1.   -8.54     1
 429900 4524500   214.89    -4.16     1.   -5.07     1.   -7.95     1
 430200 4515200     0.00    -5.56     1.   -7.49     1.    8.31     1
 430200 4515800     0.00    -6.60     1.   -8.96     1.    8.47     1
 430200 4516400     0.00    -7.75     1.  -10.63     1.    8.30     1
 430200 4517000     0.00    -8.96     1.  -12.41     1.    7.65     1
 430200 4517600     0.00   -10.12     1.  -14.15     1.    6.40     1
 430200 4518200     9.05   -11.09     1.  -15.63     1.    4.49     1
 430200 4518800    18.36   -11.70     1.  -16.56     1.    2.04     1
 430200 4519400    41.53   -11.83     1.  -16.76     1.   -0.69     1
 430200 4520000     8.26   -11.45     1.  -16.18     1.   -3.33     1
 430200 4520600     2.71   -10.65     1.  -14.94     1.   -5.53     1
 430200 4521200    14.95    -9.56     1.  -13.31     1.   -7.11     1
 430200 4521800   110.63    -8.36     1.  -11.52     1.   -8.05     1
 430200 4522400   161.12    -7.17     1.   -9.78     1.   -8.44     1
 430200 4523000   159.96    -6.07     1.   -8.21     1.   -8.43     1
 430200 4523600   161.69    -5.10     1.   -6.84     1.   -8.16     1
 430200 4524200   173.43    -4.28     1.   -5.69     1.   -7.72     1
 430200 4524800   262.83    -3.58     1.   -4.74     1.   -7.21     1
 430500 4515500     0.00    -5.57     1.   -8.13     1.    7.71     1
 430500 4516100     0.00    -6.52     1.   -9.58     1.    7.64     1
 430500 4516700    39.27    -7.52     1.  -11.15     1.    7.20     1
 430500 4517300     7.39    -8.52     1.  -12.73     1.    6.28     1
 430500 4517900     9.50    -9.41     1.  -14.15     1.    4.84     1
 430500 4518500     7.42   -10.06     1.  -15.21     1.    2.89     1
 430500 4519100    23.60   -10.36     1.  -15.71     1.    0.59     1
 430500 4519700    61.09   -10.26     1.  -15.54     1.   -1.77     1
 430500 4520300     7.93    -9.77     1.  -14.75     1.   -3.92     1
 430500 4520900     9.25    -8.99     1.  -13.48     1.   -5.63     1
 430500 4521500    73.26    -8.03     1.  -11.95     1.   -6.81     1
 430500 4522100   163.29    -7.02     1.  -10.36     1.   -7.48     1
 430500 4522700   158.38    -6.04     1.   -8.84     1.   -7.72     1
 430500 4523300   157.41    -5.14     1.   -7.47     1.   -7.66     1
 430500 4523900   165.20    -4.35     1.   -6.28     1.   -7.39     1
 430500 4524500   196.61    -3.68     1.   -5.27     1.   -7.00     1
 430800 4515200     0.00    -4.74     1.   -7.38     1.    7.03     1
 430800 4515800     0.00    -5.52     1.   -8.65     1.    7.02     1
 430800 4516400     0.00    -6.35     1.  -10.03     1.    6.72     1
 430800 4517000    50.72    -7.20     1.  -11.45     1.    6.06     1
 430800 4517600     8.63    -7.99     1.  -12.78     1.    4.96     1
 430800 4518200     8.20    -8.62     1.  -13.87     1.    3.43     1
 430800 4518800    21.06    -9.01     1.  -14.55     1.    1.54     1
 430800 4519400    24.70    -9.10     1.  -14.69     1.   -0.52     1
 430800 4520000    93.65    -8.86     1.  -14.27     1.   -2.52     1
 430800 4520600    90.92    -8.33     1.  -13.37     1.   -4.25     1
 430800 4521200    87.76    -7.61     1.  -12.14     1.   -5.57     1
 430800 4521800   144.85    -6.78     1.  -10.74     1.   -6.45     1
 430800 4522400   149.79    -5.93     1.   -9.33     1.   -6.92     1
 430800 4523000   158.20    -5.12     1.   -8.00     1.   -7.06     1
 430800 4523600   159.73    -4.39     1.   -6.80     1.   -6.96     1
 430800 4524200   185.81    -3.74     1.   -5.76     1.   -6.71     1
 430800 4524800   314.74    -3.18     1.   -4.87     1.   -6.37     1
 431100 4515500     0.00    -4.69     1.   -7.82     1.    6.45     1
 431100 4516100     0.00    -5.39     1.   -9.03     1.    6.25     1
 431100 4516700    53.41    -6.11     1.  -10.30     1.    5.77     1
 431100 4517300    56.47    -6.79     1.  -11.53     1.    4.94     1
 431100 4517900     8.26    -7.39     1.  -12.60     1.    3.74     1
 431100 4518500    15.38    -7.81     1.  -13.37     1.    2.20     1
 431100 4519100    19.64    -8.01     1.  -13.73     1.    0.45     1
 431100 4519700    35.41    -7.94     1.  -13.61     1.   -1.35     1
 431100 4520300   113.01    -7.63     1.  -13.03     1.   -3.01     1
 431100 4520900   128.90    -7.11     1.  -12.09     1.   -4.39     1
 431100 4521500   120.99    -6.46     1.  -10.93     1.   -5.41     1
 431100 4522100   134.57    -5.75     1.   -9.67     1.   -6.06     1
 431100 4522700   163.41    -5.04     1.   -8.42     1.   -6.39     1
 431100 4523300   161.02    -4.37     1.   -7.26     1.   -6.46     1
 431100 4523900   177.88    -3.76     1.   -6.21     1.   -6.35     1
 431100 4524500   326.59    -3.23     1.   -5.30     1.   -6.11     1
 431400 4515200     0.00    -4.02     1.   -7.09     1.    5.92     1
 431400 4515800     0.00    -4.60     1.   -8.16     1.    5.80     1
 431400 4516400     0.00    -5.20     1.   -9.28     1.    5.45     1
 431400 4517000   105.89    -5.80     1.  -10.40     1.    4.82     1
 431400 4517600    69.98    -6.34     1.  -11.42     1.    3.88     1
 431400 4518200    11.31    -6.76     1.  -12.22     1.    2.65     1
 431400 4518800    17.93    -7.02     1.  -12.72     1.    1.18     1
 431400 4519400    24.14    -7.07     1.  -12.82     1.   -0.40     1
 431400 4520000    39.78    -6.92     1.  -12.52     1.   -1.94     1
 431400 4520600    92.07    -6.57     1.  -11.86     1.   -3.30     1
 431400 4521200   100.35    -6.08     1.  -10.93     1.   -4.40     1
 431400 4521800    99.36    -5.51     1.   -9.85     1.   -5.18     1
 431400 4522400   184.97    -4.90     1.   -8.72     1.   -5.66     1
 431400 4523000   204.65    -4.31     1.   -7.62     1.   -5.89     1
 431400 4523600   234.59    -3.75     1.   -6.60     1.   -5.92     1
 431400 4524200   364.65    -3.24     1.   -5.68     1.   -5.80     1
 431400 4524800   372.89    -2.80     1.   -4.88     1.   -5.58     1
 431700 4515500     0.00    -3.94     1.   -7.39     1.    5.38     1
 431700 4516100     0.00    -4.46     1.   -8.38     1.    5.13     1
 431700 4516700    36.92    -4.97     1.   -9.39     1.    4.65     1
 431700 4517300   121.21    -5.45     1.  -10.34     1.    3.91     1
 431700 4517900    52.31    -5.85     1.  -11.15     1.    2.92     1
 431700 4518500    17.00    -6.13     1.  -11.72     1.    1.71     1
 431700 4519100    22.05    -6.26     1.  -11.98     1.    0.35     1
 431700 4519700    28.95    -6.22     1.  -11.89     1.   -1.04     1
 431700 4520300    49.16    -6.01     1.  -11.47     1.   -2.34     1
 431700 4520900    75.84    -5.66     1.  -10.77     1.   -3.45     1
 431700 4521500    90.20    -5.22     1.   -9.88     1.   -4.32     1
 431700 4522100    98.66    -4.72     1.   -8.89     1.   -4.92     1
 431700 4522700   256.84    -4.20     1.   -7.88     1.   -5.28     1
 431700 4523300   374.33    -3.70     1.   -6.91     1.   -5.44     1
 431700 4523900   423.90    -3.24     1.   -6.01     1.   -5.43     1
 431700 4524500   396.63    -2.81     1.   -5.21     1.   -5.31     1
 432000 4515200     0.00    -3.40     1.   -6.71     1.    4.98     1
 432000 4515800     0.00    -3.83     1.   -7.59     1.    4.80     1
 432000 4516400     0.00    -4.27     1.   -8.49     1.    4.44     1
 432000 4517000   110.50    -4.70     1.   -9.37     1.    3.87     1
 432000 4517600   123.45    -5.07     1.  -10.15     1.    3.07     1
 432000 4518200    15.46    -5.36     1.  -10.75     1.    2.07     1
 432000 4518800    21.57    -5.53     1.  -11.12     1.    0.92     1
 432000 4519400    28.07    -5.57     1.  -11.19     1.   -0.31     1
 432000 4520000    46.78    -5.46     1.  -10.97     1.   -1.51     1
 432000 4520600    62.35    -5.23     1.  -10.48     1.   -2.60     1
 432000 4521200    78.96    -4.89     1.   -9.78     1.   -3.50     1
 432000 4521800    86.70    -4.49     1.   -8.94     1.   -4.18     1
 432000 4522400   105.75    -4.06     1.   -8.05     1.   -4.65     1
 432000 4523000   248.31    -3.62     1.   -7.15     1.   -4.92     1
 432000 4523600   446.61    -3.20     1.   -6.29     1.   -5.02     1
 432000 4524200   401.91    -2.81     1.   -5.50     1.   -4.99     1
 432000 4524800   366.12    -2.45     1.   -4.79     1.   -4.87     1
 432300 4515500     0.00    -3.32     1.   -6.89     1.    4.49     1
 432300 4516100     0.00    -3.69     1.   -7.70     1.    4.22     1
 432300 4516700     0.00    -4.06     1.   -8.50     1.    3.77     1
 432300 4517300    93.19    -4.40     1.   -9.24     1.    3.13     1
 432300 4517900    58.16    -4.68     1.   -9.85     1.    2.31     1
 432300 4518500    18.61    -4.87     1.  -10.27     1.    1.34     1
 432300 4519100    24.02    -4.96     1.  -10.46     1.    0.27     1
 432300 4519700    38.57    -4.93     1.  -10.40     1.   -0.81     1
 432300 4520300    43.26    -4.79     1.  -10.09     1.   -1.84     1
 432300 4520900    74.19    -4.55     1.   -9.56     1.   -2.74     1
 432300 4521500    80.34    -4.24     1.   -8.88     1.   -3.48     1
 432300 4522100    89.64    -3.88     1.   -8.11     1.   -4.02     1
 432300 4522700   110.68    -3.51     1.   -7.30     1.   -4.38     1
 432300 4523300   371.04    -3.13     1.   -6.50     1.   -4.58     1
 432300 4523900   405.01    -2.78     1.   -5.74     1.   -4.64     1
 432300 4524500   366.39    -2.45     1.   -5.04     1.   -4.60     1
 432600 4515200     0.00    -2.88     1.   -6.27     1.    4.20     1
 432600 4515800     0.00    -3.20     1.   -7.00     1.    3.99     1
 432600 4516400     0.00    -3.53     1.   -7.72     1.    3.64     1
 432600 4517000     0.00    -3.83     1.   -8.41     1.    3.13     1
 432600 4517600     0.00    -4.09     1.   -9.01     1.    2.46     1
 432600 4518200     0.00    -4.29     1.   -9.47     1.    1.64     1
 432600 4518800    27.35    -4.41     1.   -9.74     1.    0.72     1
 432600 4519400    37.46    -4.43     1.   -9.79     1.   -0.24     1
 432600 4520000    39.39    -4.36     1.   -9.63     1.   -1.19     1
 432600 4520600    52.98    -4.20     1.   -9.26     1.   -2.07     1
 432600 4521200    79.25    -3.97     1.   -8.73     1.   -2.81     1
 432600 4521800    89.39    -3.68     1.   -8.08     1.   -3.41     1
 432600 4522400   104.89    -3.37     1.   -7.37     1.   -3.84     1
 432600 4523000   194.26    -3.04     1.   -6.64     1.   -4.11     1
 432600 4523600   399.03    -2.73     1.   -5.92     1.   -4.26     1
 432600 4524200   364.67    -2.42     1.   -5.25     1.   -4.29     1
 432600 4524800   306.13    -2.14     1.   -4.63     1.   -4.25     1
 432900 4515500     0.00    -2.79     1.   -6.37     1.    3.76     1
 432900 4516100     0.00    -3.07     1.   -7.03     1.    3.49     1
 432900 4516700     0.00    -3.34     1.   -7.67     1.    3.08     1
 432900 4517300     0.00    -3.58     1.   -8.24     1.    2.53     1
 432900 4517900     0.00    -3.78     1.   -8.71     1.    1.85     1
 432900 4518500     0.00    -3.91     1.   -9.03     1.    1.07     1
 432900 4519100    36.01    -3.97     1.   -9.17     1.    0.22     1
 432900 4519700    44.80    -3.95     1.   -9.13     1.   -0.65     1
 432900 4520300    43.78    -3.85     1.   -8.89     1.   -1.47     1
 432900 4520900    94.66    -3.69     1.   -8.49     1.   -2.21     1
 432900 4521500    85.18    -3.47     1.   -7.97     1.   -2.82     1
 432900 4522100    93.97    -3.21     1.   -7.36     1.   -3.30     1
 432900 4522700   143.86    -2.93     1.   -6.71     1.   -3.64     1
 432900 4523300   342.58    -2.65     1.   -6.05     1.   -3.86     1
 432900 4523900   355.27    -2.38     1.   -5.41     1.   -3.96     1
 432900 4524500   338.39    -2.12     1.   -4.81     1.   -3.98     1
