      PAF-modeling of pressure sources                                                                                            
                                                                                                                                  
   Parameters                                                                                                                     
 -----------------------------------------                                                                                        
   40.0   ....Pressure change (MPa)                                                                                               
      2   ....Smoothing coeff. (0<smo<1000)                                                                                       
      3   ....Significance limit (0<sig<10)                                                                                       
      1   ....Graphic output  0:no  1:YES                                                                                         
      1   ....Number of observation times                                                                                               
      0   ....First epoch identification                                                                                          
 -----------------------------------------                                                                                        
                                                                                                                                  

 Cells: location (UTM, m) , sides (m)  and  press (MPa)

    X      Y       Z      sx   sy   sz     Press   Signi
---------------------------------------------------------
 426493 4519318  -1287    191  195  192   -39.91   10
 426685 4519318  -1287    191  195  192   -39.91   10
 426685 4519513  -1287    191  195  192   -39.91   10
 426877 4519513  -1287    191  195  192   -39.91   10
 426877 4519708  -1287    191  195  192   -39.91   10
 426444 4519118  -1484    201  211  201   -39.91    9
 426444 4519329  -1484    201  211  201   -39.91    9
 426645 4519117  -1484    201  211  201   -39.91    9
 426645 4519329  -1484    201  211  201   -39.91    9
 426645 4519541  -1484    201  211  201   -39.91    9
 426645 4519752  -1484    201  211  201   -39.91    9
 426847 4519117  -1484    201  211  201   -39.91    9
 426847 4519329  -1484    201  211  201   -39.91    9
 426847 4519540  -1484    201  211  201   -39.91    9
 427048 4519329  -1484    201  211  201   -39.91    9
 426109 4519199  -1690    210  214  210   -39.91    8
 426320 4518983  -1690    210  214  210   -39.91    8
 426320 4519198  -1690    210  214  210   -39.91    8
 426320 4519413  -1690    210  214  210   -39.91    8
 426320 4519628  -1690    210  214  210   -39.91    8
 426531 4518983  -1690    210  214  210   -39.91    8
 426531 4519198  -1690    210  214  210   -39.91    8
 426531 4519413  -1690    210  214  210   -39.91    8
 426531 4519628  -1690    210  214  210   -39.91    8
 426531 4519842  -1690    210  214  210   -39.91    8
 426741 4518983  -1690    210  214  210   -39.91    8
 426741 4519198  -1690    210  214  210   -39.91    8
 426741 4519413  -1690    210  214  210   -39.91    8
 426741 4519627  -1690    210  214  210   -39.91    8
 426741 4519842  -1690    210  214  210   -39.91    8
 426951 4519198  -1690    210  214  210   -39.91    8
 426951 4519413  -1690    210  214  210   -39.91    8
 426951 4519842  -1690    210  214  210   -39.91    8
 426128 4519144  -1905    219  224  219   -39.91    7
 426128 4519369  -1905    219  224  219   -39.91    7
 426347 4518919  -1905    219  224  219   -39.91    7
 426347 4519144  -1905    219  224  219   -39.91    7
 426347 4519369  -1905    219  224  219   -39.91    7
 426347 4519594  -1905    219  224  219   -39.91    7
 426566 4518693  -1905    219  224  219   -39.91    7
 426566 4518918  -1905    219  224  219   -39.91    7
 426566 4519143  -1905    219  224  219   -39.91    7
 426566 4519368  -1905    219  224  219   -39.91    7
 426566 4519593  -1905    219  224  219   -39.91    7
 426566 4519818  -1905    219  224  219   -39.91    7
 426785 4518693  -1905    219  224  219   -39.91    7
 426785 4518918  -1905    219  224  219   -39.91    7
 426785 4519143  -1905    219  224  219   -39.91    7
 426785 4519368  -1905    219  224  219   -39.91    7
 426785 4519593  -1905    219  224  219   -39.91    7
 426785 4519818  -1905    219  224  219   -39.91    7
 427005 4518918  -1905    219  224  219   -39.91    7
 427005 4519143  -1905    219  224  219   -39.91    7
 427005 4519368  -1905    219  224  219   -39.91    7
 427005 4519593  -1905    219  224  219   -39.91    7
 427005 4519818  -1905    219  224  219   -39.91    7
 426101 4518748  -2128    227  232  227   -39.91    6
 426101 4518981  -2128    227  232  227   -39.91    6
 426101 4519213  -2128    227  232  227   -39.91    6
 426101 4519445  -2128    227  232  227   -39.91    6
 426101 4519678  -2128    227  232  227   -39.91    6
 426329 4518748  -2128    227  232  227   -39.91    6
 426329 4518980  -2128    227  232  227   -39.91    6
 426329 4519212  -2128    227  232  227   -39.91    6
 426329 4519445  -2128    227  232  227   -39.91    6
 426329 4519677  -2128    227  232  227   -39.91    6
 426329 4519909  -2128    227  232  227   -39.91    6
 426556 4518747  -2128    227  232  227   -39.91    6
 426556 4518979  -2128    227  232  227   -39.91    6
 426556 4519212  -2128    227  232  227   -39.91    6
 426556 4519444  -2128    227  232  227   -39.91    6
 426556 4519677  -2128    227  232  227   -39.91    6
 426556 4519909  -2128    227  232  227   -39.91    6
 426784 4518747  -2128    227  232  227   -39.91    6
 426784 4518979  -2128    227  232  227   -39.91    6
 426784 4519212  -2128    227  232  227   -39.91    6
 426784 4519444  -2128    227  232  227   -39.91    6
 426784 4519677  -2128    227  232  227   -39.91    6
 426784 4519909  -2128    227  232  227   -39.91    6
 427012 4518979  -2128    227  232  227   -39.91    6
 427012 4519212  -2128    227  232  227   -39.91    6
 427012 4519445  -2128    227  232  227   -39.91    6
 427012 4519677  -2128    227  232  227   -39.91    6
 426030 4518858  -2360    236  242  236   -39.91    5
 426030 4519101  -2360    236  242  236   -39.91    5
 426030 4519343  -2360    236  242  236   -39.91    5
 426030 4519585  -2360    236  242  236   -39.91    5
 426266 4518615  -2360    236  242  236   -39.91    5
 426266 4518857  -2360    236  242  236   -39.91    5
 426266 4519099  -2360    236  242  236   -39.91    5
 426266 4519341  -2360    236  242  236   -39.91    5
 426266 4519583  -2360    236  242  236   -39.91    5
 426266 4519825  -2360    236  242  236   -39.91    5
 426502 4518614  -2360    236  242  236   -39.91    5
 426502 4518856  -2360    236  242  236   -39.91    5
 426502 4519098  -2360    236  242  236   -39.91    5
 426502 4519341  -2360    236  242  236   -39.91    5
 426502 4519583  -2360    236  242  236   -39.91    5
 426502 4519825  -2360    236  242  236   -39.91    5
 426502 4520066  -2360    236  242  236   -39.91    5
 426738 4518613  -2360    236  242  236   -39.91    5
 426738 4518856  -2360    236  242  236   -39.91    5
 426738 4519098  -2360    236  242  236   -39.91    5
 426738 4519340  -2360    236  242  236   -39.91    5
 426738 4519582  -2360    236  242  236   -39.91    5
 426738 4519824  -2360    236  242  236   -39.91    5
 426738 4520066  -2360    236  242  236   -39.91    5
 426974 4518856  -2360    236  242  236   -39.91    5
 426974 4519098  -2360    236  242  236   -39.91    5
 426974 4519340  -2360    236  242  236   -39.91    5
 426974 4519582  -2360    236  242  236   -39.91    5
 426974 4519825  -2360    236  242  236   -39.91    5
 425917 4518897  -2601    244  253  244   -39.91    5
 425917 4519150  -2601    244  253  244   -39.91    5
 425917 4519404  -2601    244  253  244   -39.91    5
 425917 4519657  -2601    244  253  244   -39.91    5
 426162 4518641  -2601    244  253  244   -39.91    5
 426162 4518895  -2601    244  253  244   -39.91    5
 426162 4519148  -2601    244  253  244   -39.91    5
 426162 4519401  -2601    244  253  244   -39.91    5
 426162 4519655  -2601    244  253  244   -39.91    5
 426162 4519908  -2601    244  253  244   -39.91    5
 426406 4518639  -2601    244  253  244   -39.91    5
 426406 4518893  -2601    244  253  244   -39.91    5
 426406 4519146  -2601    244  253  244   -39.91    5
 426406 4519399  -2601    244  253  244   -39.91    5
 426406 4519653  -2601    244  253  244   -39.91    5
 426406 4519906  -2601    244  253  244   -39.91    5
 426650 4518639  -2601    244  253  244   -39.91    5
 426650 4518892  -2601    244  253  244   -39.91    5
 426650 4519145  -2601    244  253  244   -39.91    5
 426650 4519399  -2601    244  253  244   -39.91    5
 426650 4519652  -2601    244  253  244   -39.91    5
 426650 4519905  -2601    244  253  244   -39.91    5
 426895 4518638  -2601    244  253  244   -39.91    5
 426895 4518891  -2601    244  253  244   -39.91    5
 426895 4519145  -2601    244  253  244   -39.91    5
 426895 4519398  -2601    244  253  244   -39.91    5
 426895 4519651  -2601    244  253  244   -39.91    5
 427139 4518892  -2601    244  253  244   -39.91    5
 427139 4519145  -2601    244  253  244   -39.91    5
 427139 4519399  -2601    244  253  244   -39.91    5
 427139 4519652  -2601    244  253  244   -39.91    5
 427139 4519905  -2601    244  253  244   -39.91    5
 425767 4519262  -2849    252  265  252   -39.91    4
 425767 4519528  -2849    252  265  252   -39.91    4
 426020 4518993  -2849    252  265  252   -39.91    4
 426020 4519259  -2849    252  265  252   -39.91    4
 426020 4519524  -2849    252  265  252   -39.91    4
 426020 4519789  -2849    252  265  252   -39.91    4
 426272 4518725  -2849    252  265  252   -39.91    4
 426272 4518990  -2849    252  265  252   -39.91    4
 426272 4519256  -2849    252  265  252   -39.91    4
 426272 4519521  -2849    252  265  252   -39.91    4
 426272 4519786  -2849    252  265  252   -39.91    4
 426272 4520051  -2849    252  265  252   -39.91    4
 426524 4518723  -2849    252  264  252   -39.91    4
 426524 4518988  -2849    252  264  252   -39.91    4
 426524 4519254  -2849    252  264  252   -39.91    4
 426524 4519519  -2849    252  264  252   -39.91    4
 426524 4519784  -2849    252  264  252   -39.91    4
 426524 4520049  -2849    252  264  252   -39.91    4
 426777 4518722  -2849    252  264  252   -39.91    4
 426777 4518988  -2849    252  264  252   -39.91    4
 426777 4519253  -2849    252  264  252   -39.91    4
 426777 4519518  -2849    252  264  252   -39.91    4
 426777 4519783  -2849    252  264  252   -39.91    4
 427030 4518722  -2849    252  264  252   -39.91    4
 427030 4518987  -2849    252  264  252   -39.91    4
 427030 4519252  -2849    252  264  252   -39.91    4
 427030 4519518  -2849    252  264  252   -39.91    4
 427030 4519783  -2849    252  264  252   -39.91    4
 427282 4519518  -2849    252  265  252   -39.91    4
 425843 4519314  -3106    260  269  260   -39.91    4
 426103 4518771  -3106    260  268  260   -39.91    4
 426103 4519040  -3106    260  268  260   -39.91    4
 426103 4519309  -3106    260  268  260   -39.91    4
 426103 4519578  -3106    260  268  260   -39.91    4
 426103 4519847  -3106    260  268  260   -39.91    4
 426364 4518500  -3106    260  268  260   -39.91    4
 426364 4518768  -3106    260  268  260   -39.91    4
 426364 4519037  -3106    260  268  260   -39.91    4
 426364 4519306  -3106    260  268  260   -39.91    4
 426364 4519575  -3106    260  268  260   -39.91    4
 426364 4519844  -3106    260  268  260   -39.91    4
 426624 4518498  -3106    260  268  260   -39.91    4
 426624 4518766  -3106    260  268  260   -39.91    4
 426624 4519035  -3106    260  268  260   -39.91    4
 426624 4519304  -3106    260  268  260   -39.91    4
 426624 4519573  -3106    260  268  260   -39.91    4
 426624 4519842  -3106    260  268  260   -39.91    4
 426884 4518766  -3106    260  268  260   -39.91    4
 426884 4519035  -3106    260  268  260   -39.91    4
 426884 4519304  -3106    260  268  260   -39.91    4
 426884 4519573  -3106    260  268  260   -39.91    4
 426884 4519841  -3106    260  268  260   -39.91    4
 427144 4518766  -3106    260  268  260   -39.91    4
 427144 4519035  -3106    260  268  260   -39.91    4
 427144 4519304  -3106    260  268  260   -39.91    4
 427144 4519573  -3106    260  268  260   -39.91    4
 425896 4518839  -3370    268  277  268   -39.91    4
 425896 4519117  -3370    268  277  268   -39.91    4
 425896 4519395  -3370    268  277  268   -39.91    4
 425896 4519674  -3370    268  277  268   -39.91    4
 426165 4518834  -3370    268  277  268   -39.91    4
 426165 4519112  -3370    268  277  268   -39.91    4
 426165 4519390  -3370    268  277  268   -39.91    4
 426165 4519668  -3370    268  277  268   -39.91    4
 426165 4519946  -3370    268  277  268   -39.91    4
 426433 4518552  -3370    268  277  268   -39.91    4
 426433 4518830  -3370    268  277  268   -39.91    4
 426433 4519108  -3370    268  277  268   -39.91    4
 426433 4519386  -3370    268  277  268   -39.91    4
 426433 4519664  -3370    268  277  268   -39.91    4
 426433 4519942  -3370    268  277  268   -39.91    4
 426702 4518550  -3370    268  277  268   -39.91    4
 426702 4518828  -3370    268  277  268   -39.91    4
 426702 4519106  -3370    268  277  268   -39.91    4
 426702 4519384  -3370    268  277  268   -39.91    4
 426702 4519662  -3370    268  277  268   -39.91    4
 426702 4519940  -3370    268  277  268   -39.91    4
 426970 4518549  -3370    268  277  268   -39.91    4
 426970 4518827  -3370    268  277  268   -39.91    4
 426970 4519105  -3370    268  277  268   -39.91    4
 426970 4519383  -3370    268  277  268   -39.91    4
 426970 4519661  -3370    268  277  268   -39.91    4
 427238 4519384  -3370    268  277  268   -39.91    4
 425933 4518894  -3642    275  287  276   -39.91    3
 425933 4519181  -3642    275  287  276   -39.91    3
 425933 4519469  -3642    275  287  276   -39.91    3
 426209 4518600  -3642    275  287  276   -39.91    3
 426209 4518887  -3642    275  287  276   -39.91    3
 426209 4519174  -3642    275  287  276   -39.91    3
 426209 4519462  -3642    275  287  276   -39.91    3
 426209 4519749  -3642    275  287  276   -39.91    3
 426485 4518596  -3642    275  286  276   -39.91    3
 426485 4518883  -3642    275  286  276   -39.91    3
 426485 4519170  -3642    275  286  276   -39.91    3
 426485 4519457  -3642    275  286  276   -39.91    3
 426485 4519744  -3642    275  286  276   -39.91    3
 426761 4518593  -3642    275  286  276   -39.91    3
 426761 4518880  -3642    275  286  276   -39.91    3
 426761 4519168  -3642    275  286  276   -39.91    3
 426761 4519455  -3642    275  286  276   -39.91    3
 426761 4519742  -3642    275  286  276   -39.91    3
 427037 4518593  -3642    275  286  276   -39.91    3
 427037 4518880  -3642    275  286  276   -39.91    3
 427037 4519167  -3642    275  286  276   -39.91    3
 427037 4519454  -3642    275  286  276   -39.91    3
 427037 4519742  -3642    275  286  276   -39.91    3
 425953 4518942  -3922    283  299  284   -39.91    3
 425953 4519242  -3922    283  299  284   -39.91    3
 426236 4518934  -3922    283  299  284   -39.91    3
 426236 4519234  -3922    283  299  284   -39.91    3
 426236 4519534  -3922    283  299  284   -39.91    3
 426236 4519834  -3922    283  299  284   -39.91    3
 426520 4518929  -3922    283  299  284   -39.91    3
 426520 4519229  -3922    283  299  284   -39.91    3
 426520 4519528  -3922    283  299  284   -39.91    3
 426520 4519828  -3922    283  299  284   -39.91    3
 426804 4518927  -3922    283  299  284   -39.91    3
 426804 4519226  -3922    283  299  284   -39.91    3
 426804 4519525  -3922    283  299  284   -39.91    3
 426804 4519825  -3922    283  299  284   -39.91    3
 427088 4518927  -3922    283  299  284   -39.91    3
 427088 4519226  -3922    283  299  284   -39.91    3
 425955 4518977  -4210    291  297  291   -39.91    3
 425955 4519274  -4210    291  297  291   -39.91    3
 425955 4519572  -4210    291  297  291   -39.91    3
 426247 4518664  -4210    291  309  291   -39.91    3
 426247 4518968  -4210    291  297  291   -39.91    3
 426247 4519265  -4210    291  297  291   -39.91    3
 426247 4519562  -4210    291  297  291   -39.91    3
 426538 4518659  -4210    291  309  291   -39.91    3
 426538 4518962  -4210    291  296  291   -39.91    3
 426538 4519259  -4210    291  296  291   -39.91    3
 426538 4519556  -4210    291  296  291   -39.91    3
 426538 4519853  -4210    291  296  291   -39.91    3
 426830 4518959  -4210    291  296  291   -39.91    3
 426830 4519256  -4210    291  296  291   -39.91    3
 426830 4519553  -4210    291  296  291   -39.91    3
 427121 4518959  -4210    291  296  291   -39.91    3
 427121 4519256  -4210    291  296  291   -39.91    3
 425644 4519012  -4505    299  307  299   -39.91    2
 425944 4518689  -4505    299  307  299   -39.91    2
 425944 4519304  -4505    299  307  299   -39.91    2
 426243 4518679  -4505    299  306  299   -39.91    2
 426243 4518986  -4505    299  306  299   -39.91    2
 426243 4519292  -4505    299  306  299   -39.91    2
 426243 4519599  -4505    299  306  299   -39.91    2
 426543 4518672  -4505    299  306  299   -39.91    2
 426543 4518978  -4505    299  306  299   -39.91    2
 426543 4519285  -4505    299  306  299   -39.91    2
 426543 4519591  -4505    299  306  299   -39.91    2
 426842 4518669  -4505    299  306  299   -39.91    2
 426842 4518975  -4505    299  306  299   -39.91    2
 426842 4519281  -4505    299  306  299   -39.91    2
 426842 4519588  -4505    299  306  299   -39.91    2
 427141 4519282  -4505    299  306  299   -39.91    2
 425920 4519020  -4809    307  315  307   -39.91    2
 426227 4518691  -4809    307  315  307   -39.91    2
 426227 4519006  -4809    307  315  307   -39.91    2
 426227 4519322  -4809    307  315  307   -39.91    2
 426534 4518682  -4809    307  314  307   -39.91    2
 426534 4518998  -4809    307  314  307   -39.91    2
 426534 4519313  -4809    307  314  307   -39.91    2
 426841 4518678  -4809    307  314  307   -39.91    2
 426841 4518993  -4809    307  314  307   -39.91    2
 426841 4519308  -4809    307  314  307   -39.91    2
 426198 4518674  -5120    315  334  315   -39.91    2
 426513 4518664  -5120    315  333  315   -39.91    2
 426513 4518998  -5120    315  333  315   -39.91    2
 426513 4519331  -5120    315  333  315   -39.91    2
 427144 4519326  -5120    315  333  315   -39.91    2
 426157 4518669  -5439    323  343  323   -39.91    2
 426157 4519012  -5439    323  343  323   -39.91    2
 426480 4518993  -5439    323  330  323   -39.91    2
 426480 4519324  -5439    323  330  323   -39.91    2
 426804 4518307  -5439    323  343  323   -39.91    2
 426804 4518987  -5439    323  330  323   -39.91    2
 426804 4519317  -5439    323  330  323   -39.91    2
 426104 4518656  -5767    331  354  331   -39.91    2
 426104 4519003  -5767    331  339  331   -39.91    2
 426104 4519343  -5767    331  339  331   -39.91    2
 426435 4518641  -5767    331  353  331   -39.91    2
 426435 4518988  -5767    331  339  331   -39.91    2
 426435 4519327  -5767    331  339  331   -39.91    2
 426767 4518280  -5767    331  353  331   -39.91    2
 426767 4518633  -5767    331  353  331   -39.91    2
 426767 4518980  -5767    331  338  331   -39.91    2
 426767 4519319  -5767    331  338  331   -39.91    2
 418223 4514417  -6102    339  990  339   -39.91    0
 426038 4518271  -6102    339  364  339   -39.91    1
 426378 4517890  -6102    339  363  339   -39.91    1
 426378 4518255  -6102    339  363  339   -39.91    1
 426378 4518975  -6102    339  348  339   -39.91    2
 426378 4519323  -6102    339  348  339   -39.91    2
 426718 4518245  -6102    339  363  339   -39.91    1
 426718 4518965  -6102    339  347  339   -39.91    2
 427057 4517879  -6102    339  363  339   -39.91    1
 435892 4515384  -6102    339  930  339   -39.91    0
--------------------- Date:27-Mar-17------------------

 Num. data points =   660
 Num. total cells= 99395
 Num.filled cells=  341    Neg, Pos =  341    0
 Medium param.:      Poisson=0.25    Share Mod.= 10.GPa
 Random explor.coeff.=   9
 Pressure model:      Press. contrast (-+)=  39.91 MPa
                      Press*vol:  264.7 MPA*Km3     Mean mod.depth = -3732.
 RMS residuals (cm):  Up= 0.26    WE= 0.28    SN= 0.32     Misfit=   0.6811
 Initial and final exec.times:   13:22:08    13:23:18 



                    Observed, modeled, and residual values

Data point loc(UTM, m)          dz (cm)            dx(cm)                dy(cm)
  X      Y       Z        obs  mod  res          obs  mod  res          obs mod res    Weight
---------------------------------------------------------------------------------------------
421200 4515200    0    -3.50  -3.76   0.26    6.77   7.06  -0.29    5.13   5.32  -0.19   1.0
421200 4515800    1    -3.95  -4.19   0.24    7.69   8.00  -0.31    4.96   5.09  -0.13   1.0
421200 4516400   12    -4.41  -4.64   0.23    8.63   8.94  -0.31    4.59   4.67  -0.08   1.0
421200 4517000   35    -4.86  -5.07   0.21    9.54   9.82  -0.28    4.01   4.01   0.00   1.0
421200 4517600   54    -5.26  -5.44   0.18   10.35  10.59  -0.24    3.19   3.13   0.06   1.0
421200 4518200   44    -5.56  -5.71   0.15   10.98  11.25  -0.27    2.16   2.05   0.11   1.0
421200 4518800   27    -5.75  -5.86   0.11   11.37  11.68  -0.31    0.96   0.82   0.14   1.0
421200 4519400    0    -5.79  -5.87   0.08   11.45  11.84  -0.39   -0.32  -0.51   0.19   1.0
421200 4520000   28    -5.68  -5.74   0.06   11.21  11.52  -0.31   -1.57  -1.79   0.22   1.0
421200 4520600   55    -5.43  -5.49   0.06   10.70  10.93  -0.23   -2.70  -2.93   0.23   1.0
421200 4521200  106    -5.07  -5.14   0.07    9.96  10.08  -0.12   -3.63  -3.84   0.21   1.0
421200 4521800   85    -4.64  -4.71   0.07    9.09   9.26  -0.17   -4.33  -4.58   0.25   1.0
421200 4522400   58    -4.19  -4.24   0.05    8.16   8.37  -0.21   -4.80  -5.09   0.29   1.0
421200 4523000   17    -3.72  -3.76   0.04    7.23   7.49  -0.26   -5.07  -5.40   0.33   1.0
421200 4523600   20    -3.28  -3.32   0.04    6.34   6.58  -0.24   -5.16  -5.49   0.33   1.0
421200 4524200    6    -2.88  -2.91   0.03    5.53   5.76  -0.23   -5.12  -5.46   0.34   1.0
421200 4524800    6    -2.51  -2.54   0.03    4.81   5.01  -0.20   -4.99  -5.33   0.34   1.0
421500 4515500    0    -4.06  -4.30   0.24    7.46   7.76  -0.30    5.54   5.72  -0.18   1.0
421500 4516100    0    -4.60  -4.82   0.22    8.49   8.81  -0.32    5.30   5.42  -0.12   1.0
421500 4516700    7    -5.14  -5.34   0.20    9.54   9.87  -0.33    4.82   4.88  -0.06   1.0
421500 4517300   36    -5.65  -5.82   0.17   10.53  10.80  -0.27    4.07   4.04   0.03   1.0
421500 4517900   55    -6.08  -6.22   0.14   11.38  11.60  -0.22    3.04   2.95   0.09   1.0
421500 4518500   37    -6.38  -6.49   0.11   11.98  12.25  -0.27    1.78   1.66   0.12   1.0
421500 4519100    0    -6.52  -6.59   0.07   12.25  12.64  -0.39    0.36   0.20   0.16   1.0
421500 4519700    0    -6.47  -6.52   0.05   12.16  12.55  -0.39   -1.08  -1.29   0.21   1.0
421500 4520300   54    -6.25  -6.29   0.04   11.72  11.93  -0.21   -2.44  -2.66   0.22   1.0
421500 4520900   67    -5.88  -5.92   0.04   10.98  11.17  -0.19   -3.59  -3.82   0.23   1.0
421500 4521500   83    -5.40  -5.44   0.04   10.05  10.20  -0.15   -4.48  -4.71   0.23   1.0
421500 4522100   70    -4.87  -4.91   0.04    9.02   9.21  -0.19   -5.09  -5.36   0.27   1.0
421500 4522700   62    -4.33  -4.37   0.04    7.98   8.17  -0.19   -5.45  -5.74   0.29   1.0
421500 4523300   42    -3.81  -3.84   0.03    6.98   7.19  -0.21   -5.59  -5.91   0.32   1.0
421500 4523900   58    -3.32  -3.36   0.04    6.05   6.23  -0.18   -5.57  -5.88   0.31   1.0
421500 4524500   19    -2.88  -2.91   0.03    5.23   5.43  -0.20   -5.44  -5.78   0.34   1.0
421800 4515200    0    -4.13  -4.37   0.24    7.15   7.42  -0.27    6.09   6.31  -0.22   1.0
421800 4515800    0    -4.74  -4.96   0.22    8.25   8.55  -0.30    5.99   6.15  -0.16   1.0
421800 4516400    0    -5.38  -5.57   0.19    9.41   9.74  -0.33    5.65   5.75  -0.10   1.0
421800 4517000   16    -6.01  -6.17   0.16   10.57  10.88  -0.31    5.01   5.04  -0.03   1.0
421800 4517600   49    -6.58  -6.72   0.14   11.64  11.85  -0.21    4.04   3.98   0.06   1.0
421800 4518200   20    -7.04  -7.13   0.09   12.49  12.80  -0.31    2.76   2.67   0.09   1.0
421800 4518800    0    -7.31  -7.37   0.06   13.01  13.40  -0.39    1.23   1.10   0.13   1.0
421800 4519400    0    -7.37  -7.40   0.03   13.12  13.51  -0.39   -0.42  -0.60   0.18   1.0
421800 4520000   26    -7.20  -7.21   0.01   12.80  13.09  -0.29   -2.02  -2.24   0.22   1.0
421800 4520600   51    -6.83  -6.84   0.01   12.10  12.31  -0.21   -3.44  -3.67   0.23   1.0
421800 4521200   35    -6.31  -6.31   0.00   11.13  11.39  -0.26   -4.57  -4.85   0.28   1.0
421800 4521800   33    -5.70  -5.70   0.00   10.00  10.26  -0.26   -5.37  -5.68   0.31   1.0
421800 4522400   69    -5.06  -5.08   0.02    8.83   9.00  -0.17   -5.86  -6.13   0.27   1.0
421800 4523000   65    -4.43  -4.46   0.03    7.69   7.86  -0.17   -6.07  -6.37   0.30   1.0
421800 4523600   94    -3.85  -3.90   0.05    6.64   6.77  -0.13   -6.08  -6.35   0.27   1.0
421800 4524200  115    -3.32  -3.38   0.06    5.70   5.81  -0.11   -5.94  -6.20   0.26   1.0
421800 4524800   35    -2.86  -2.89   0.03    4.89   5.06  -0.17   -5.71  -6.04   0.33   1.0
422100 4515500    0    -4.83  -5.05   0.22    7.88   8.16  -0.28    6.64   6.84  -0.20   1.0
422100 4516100    0    -5.56  -5.76   0.20    9.14   9.44  -0.30    6.47   6.61  -0.14   1.0
422100 4516700    0    -6.32  -6.48   0.16   10.45  10.77  -0.32    5.99   6.08  -0.09   1.0
422100 4517300    0    -7.05  -7.17   0.12   11.73  12.08  -0.35    5.14   5.17  -0.03   1.0
422100 4517900    0    -7.69  -7.77   0.08   12.85  13.22  -0.37    3.90   3.86   0.04   1.0
422100 4518500    0    -8.14  -8.19   0.05   13.66  14.04  -0.38    2.30   2.21   0.09   1.0
422100 4519100    0    -8.35  -8.37   0.02   14.04  14.43  -0.39    0.47   0.32   0.15   1.0
422100 4519700    0    -8.28  -8.27  -0.01   13.91  14.31  -0.40   -1.41  -1.62   0.21   1.0
422100 4520300   48    -7.94  -7.92  -0.02   13.31  13.50  -0.19   -3.14  -3.36   0.22   1.0
422100 4520900   55    -7.39  -7.36  -0.03   12.32  12.50  -0.18   -4.57  -4.81   0.24   1.0
422100 4521500   12    -6.70  -6.67  -0.03   11.11  11.42  -0.31   -5.62  -5.95   0.33   1.0
422100 4522100   73    -5.95  -5.94  -0.01    9.79   9.93  -0.14   -6.27  -6.53   0.26   1.0
422100 4522700   95    -5.20  -5.21   0.01    8.50   8.61  -0.11   -6.59  -6.83   0.24   1.0
422100 4523300  101    -4.49  -4.52   0.03    7.30   7.41  -0.11   -6.65  -6.90   0.25   1.0
422100 4523900  132    -3.86  -3.91   0.05    6.23   6.31  -0.08   -6.51  -6.74   0.23   1.0
422100 4524500  118    -3.30  -3.35   0.05    5.30   5.40  -0.10   -6.26  -6.51   0.25   1.0
422400 4515200    0    -4.87  -5.09   0.22    7.41   7.67  -0.26    7.23   7.47  -0.24   1.0
422400 4515800    0    -5.68  -5.88   0.20    8.71   9.00  -0.29    7.24   7.43  -0.19   1.0
422400 4516400    0    -6.57  -6.72   0.15   10.14  10.45  -0.31    6.96   7.09  -0.13   1.0
422400 4517000    0    -7.46  -7.58   0.12   11.62  11.94  -0.32    6.30   6.37  -0.07   1.0
422400 4517600    0    -8.30  -8.38   0.08   13.01  13.36  -0.35    5.17   5.18  -0.01   1.0
422400 4518200    0    -8.99  -9.02   0.03   14.16  14.52  -0.36    3.58   3.53   0.05   1.0
422400 4518800    0    -9.41  -9.40  -0.01   14.87  15.25  -0.38    1.61   1.49   0.12   1.0
422400 4519400    0    -9.50  -9.46  -0.04   15.02  15.41  -0.39   -0.54  -0.72   0.18   1.0
422400 4520000    0    -9.24  -9.18  -0.06   14.58  14.98  -0.40   -2.64  -2.88   0.24   1.0
422400 4520600    8    -8.68  -8.61  -0.07   13.63  13.98  -0.35   -4.44  -4.72   0.28   1.0
422400 4521200   12    -7.90  -7.84  -0.06   12.34  12.66  -0.32   -5.80  -6.12   0.32   1.0
422400 4521800   57    -7.02  -6.98  -0.04   10.89  11.05  -0.16   -6.69  -6.96   0.27   1.0
422400 4522400   84    -6.12  -6.10  -0.02    9.42   9.52  -0.10   -7.15  -7.40   0.25   1.0
422400 4523000  115    -5.27  -5.28   0.01    8.05   8.10  -0.05   -7.27  -7.49   0.22   1.0
422400 4523600  122    -4.50  -4.53   0.03    6.82   6.89  -0.07   -7.15  -7.37   0.22   1.0
422400 4524200  138    -3.82  -3.87   0.05    5.76   5.82  -0.06   -6.87  -7.09   0.22   1.0
422400 4524800   75    -3.24  -3.28   0.04    4.86   4.98  -0.12   -6.50  -6.81   0.31   1.0
422700 4515500    0    -5.73  -5.93   0.20    8.16   8.42  -0.26    7.95   8.17  -0.22   1.0
422700 4516100    0    -6.73  -6.89   0.16    9.65   9.93  -0.28    7.90   8.07  -0.17   1.0
422700 4516700    0    -7.79  -7.91   0.12   11.28  11.58  -0.30    7.47   7.58  -0.11   1.0
422700 4517300    0    -8.85  -8.92   0.07   12.93  13.25  -0.32    6.54   6.59  -0.05   1.0
422700 4517900    0    -9.80  -9.82   0.02   14.42  14.76  -0.34    5.05   5.04   0.01   1.0
422700 4518500    0   -10.50 -10.47  -0.03   15.53  15.89  -0.36    3.02   2.95   0.07   1.0
422700 4519100    0   -10.83 -10.77  -0.06   16.05  16.44  -0.39    0.62   0.48   0.14   1.0
422700 4519700    0   -10.72 -10.63  -0.09   15.88  16.27  -0.39   -1.86  -2.06   0.20   1.0
422700 4520300    0   -10.19 -10.10  -0.09   15.04  15.44  -0.40   -4.10  -4.38   0.28   1.0
422700 4520900   52    -9.35  -9.25  -0.10   13.71  13.85  -0.14   -5.88  -6.10   0.22   1.0
422700 4521500   17    -8.33  -8.24  -0.09   12.11  12.40  -0.29   -7.08  -7.42   0.34   1.0
422700 4522100   50    -7.26  -7.19  -0.07   10.46  10.63  -0.17   -7.74  -8.04   0.30   1.0
422700 4522700  110    -6.22  -6.19  -0.03    8.89   8.92  -0.03   -7.97  -8.16   0.19   1.0
422700 4523300  100    -5.28  -5.28  -0.00    7.48   7.56  -0.08   -7.87  -8.11   0.24   1.0
422700 4523900  133    -4.46  -4.48   0.02    6.27   6.31  -0.04   -7.57  -7.78   0.21   1.0
422700 4524500  123    -3.76  -3.79   0.03    5.25   5.31  -0.06   -7.16  -7.39   0.23   1.0
423000 4515200    0    -5.71  -5.90   0.19    7.49   7.72  -0.23    8.54   8.81  -0.27   1.0
423000 4515800    0    -6.79  -6.95   0.16    8.99   9.25  -0.26    8.74   8.95  -0.21   1.0
423000 4516400    0    -8.01  -8.12   0.11   10.71  10.98  -0.27    8.59   8.75  -0.16   1.0
423000 4517000    0    -9.29  -9.35   0.06   12.55  12.85  -0.30    7.95   8.05  -0.10   1.0
423000 4517600    0   -10.53 -10.54   0.01   14.37  14.69  -0.32    6.68   6.71  -0.03   1.0
423000 4518200    0   -11.58 -11.53  -0.05   15.92  16.26  -0.34    4.71   4.67   0.04   1.0
423000 4518800    0   -12.24 -12.15  -0.09   16.91  17.28  -0.37    2.14   2.05   0.09   1.0
423000 4519400    0   -12.38 -12.26  -0.12   17.12  17.51  -0.39   -0.73  -0.89   0.16   1.0
423000 4520000    0   -11.97 -11.84  -0.13   16.50  16.91  -0.41   -3.49  -3.73   0.24   1.0
423000 4520600   59   -11.10 -10.93  -0.17   15.20  15.27  -0.07   -5.78  -5.96   0.18   1.0
423000 4521200   70    -9.93  -9.78  -0.15   13.48  13.54  -0.06   -7.41  -7.60   0.19   1.0
423000 4521800   20    -8.65  -8.54  -0.11   11.63  11.89  -0.26   -8.35  -8.71   0.36   1.0
423000 4522400   38    -7.39  -7.31  -0.08    9.83  10.02  -0.19   -8.73  -9.06   0.33   1.0
423000 4523000   80    -6.24  -6.19  -0.05    8.22   8.31  -0.09   -8.68  -8.94   0.26   1.0
423000 4523600  105    -5.23  -5.22  -0.01    6.83   6.88  -0.05   -8.37  -8.60   0.23   1.0
423000 4524200  115    -4.37  -4.39   0.02    5.66   5.72  -0.06   -7.90  -8.13   0.23   1.0
423000 4524800   82    -3.65  -3.67   0.02    4.70   4.80  -0.10   -7.35  -7.65   0.30   1.0
423300 4515500    0    -6.76  -6.92   0.16    8.19   8.42  -0.23    9.45   9.70  -0.25   1.0
423300 4516100    0    -8.09  -8.21   0.12    9.92  10.16  -0.24    9.61   9.81  -0.20   1.0
423300 4516700    0    -9.58  -9.65   0.07   11.88  12.15  -0.27    9.32   9.45  -0.13   1.0
423300 4517300    0   -11.13 -11.13  -0.00   13.96  14.25  -0.29    8.38   8.45  -0.07   1.0
423300 4517900    0   -12.56 -12.51  -0.05   15.94  16.25  -0.31    6.62   6.63  -0.01   1.0
423300 4518500    0   -13.66 -13.55  -0.11   17.46  17.80  -0.34    4.03   3.98   0.05   1.0
423300 4519100    0   -14.18 -14.04  -0.14   18.20  18.57  -0.37    0.84   0.73   0.11   1.0
423300 4519700    0   -14.00 -13.85  -0.15   17.95  18.36  -0.41   -2.49  -2.68   0.19   1.0
423300 4520300    0   -13.17 -13.01  -0.16   16.78  17.20  -0.42   -5.43  -5.70   0.27   1.0
423300 4520900   85   -11.88 -11.65  -0.23   14.99  14.90   0.09   -7.61  -7.71   0.10   1.0
423300 4521500   30   -10.37 -10.21  -0.16   12.93  13.16  -0.23   -8.95  -9.27   0.32   1.0
423300 4522100   20    -8.83  -8.70  -0.13   10.88  11.13  -0.25   -9.54  -9.93   0.39   1.0
423300 4522700   92    -7.41  -7.32  -0.09    9.03   9.06  -0.03   -9.58  -9.79   0.21   1.0
423300 4523300  127    -6.17  -6.12  -0.05    7.43   7.42   0.01   -9.26  -9.42   0.16   1.0
423300 4523900  112    -5.11  -5.10  -0.01    6.11   6.15  -0.04   -8.74  -8.96   0.22   1.0
423300 4524500   98    -4.24  -4.25   0.01    5.02   5.09  -0.07   -8.11  -8.38   0.27   1.0
423600 4515200    0    -6.63  -6.79   0.16    7.28   7.48  -0.20   10.00  10.28  -0.28   1.0
423600 4515800    0    -8.05  -8.17   0.12    8.95   9.16  -0.21   10.46  10.70  -0.24   1.0
423600 4516400    0    -9.70  -9.77   0.07   10.93  11.17  -0.24   10.56  10.73  -0.17   1.0
423600 4517000    0   -11.53 -11.53  -0.00   13.17  13.43  -0.26   10.05  10.16  -0.11   1.0
423600 4517600    0   -13.38 -13.31  -0.07   15.50  15.77  -0.27    8.67   8.72  -0.05   1.0
423600 4518200    0   -14.99 -14.87  -0.12   17.57  17.87  -0.30    6.25   6.25  -0.00   1.0
423600 4518800    0   -16.04 -15.88  -0.16   18.95  19.30  -0.35    2.89   2.83   0.06   1.0
423600 4519400    0   -16.27 -16.09  -0.18   19.25  19.65  -0.40   -0.98  -1.11   0.13   1.0
423600 4520000    9   -15.61 -15.41  -0.20   18.38  18.74  -0.36   -4.68  -4.88   0.20   1.0
423600 4520600   32   -14.24 -14.00  -0.24   16.60  16.80  -0.20   -7.60  -7.81   0.21   1.0
423600 4521200   35   -12.48 -12.26  -0.22   14.35  14.55  -0.20   -9.49  -9.76   0.27   1.0
423600 4521800   25   -10.61 -10.44  -0.17   12.04  12.28  -0.24  -10.41 -10.77   0.36   1.0
423600 4522400   37    -8.86  -8.72  -0.14    9.91  10.08  -0.17  -10.58 -10.94   0.36   1.0
423600 4523000  175    -7.32  -7.22  -0.10    8.08   7.92   0.16  -10.27 -10.24  -0.03   1.0
423600 4523600  150    -6.01  -5.97  -0.04    6.57   6.52   0.05   -9.69  -9.79   0.10   1.0
423600 4524200  111    -4.94  -4.93  -0.01    5.35   5.38  -0.03   -8.98  -9.21   0.23   1.0
423600 4524800   91    -4.07  -4.08   0.01    4.37   4.44  -0.07   -8.22  -8.51   0.29   1.0
423900 4515500    0    -7.87  -8.00   0.13    7.85   8.04  -0.19   11.11  11.38  -0.27   1.0
423900 4516100    0    -9.64  -9.71   0.07    9.75   9.95  -0.20   11.59  11.81  -0.22   1.0
423900 4516700    0   -11.70 -11.70  -0.00   12.02  12.24  -0.22   11.57  11.72  -0.15   1.0
423900 4517300    0   -13.94 -13.86  -0.08   14.56  14.80  -0.24   10.71  10.81  -0.10   1.0
423900 4517900    0   -16.11 -15.98  -0.13   17.11  17.37  -0.26    8.71   8.76  -0.05   1.0
423900 4518500    0   -17.84 -17.67  -0.17   19.19  19.48  -0.29    5.42   5.42  -0.00   1.0
423900 4519100    0   -18.69 -18.50  -0.19   20.22  20.58  -0.36    1.14   1.08   0.06   1.0
423900 4519700    9   -18.41 -18.18  -0.23   19.87  20.20  -0.33   -3.38  -3.51   0.13   1.0
423900 4520300   11   -17.07 -16.84  -0.23   18.25  18.61  -0.36   -7.24  -7.46   0.22   1.0
423900 4520900   21   -15.07 -14.83  -0.24   15.87  16.16  -0.29   -9.88 -10.17   0.29   1.0
423900 4521500   35   -12.82 -12.59  -0.23   13.28  13.48  -0.20  -11.28 -11.58   0.30   1.0
423900 4522100   43   -10.65 -10.45  -0.20   10.85  11.00  -0.15  -11.67 -12.00   0.33   1.0
423900 4522700  208    -8.73  -8.55  -0.18    8.76   8.45   0.31  -11.41 -11.17  -0.24   1.0
423900 4523300  229    -7.11  -7.02  -0.09    7.05   6.81   0.24  -10.77 -10.58  -0.19   1.0
423900 4523900  150    -5.79  -5.75  -0.04    5.67   5.63   0.04   -9.95 -10.06   0.11   1.0
423900 4524500  118    -4.73  -4.72  -0.01    4.59   4.61  -0.02   -9.09  -9.31   0.22   1.0
424200 4515200    0    -7.58  -7.72   0.14    6.69   6.84  -0.15   11.53  11.83  -0.30   1.0
424200 4515800    0    -9.40  -9.48   0.08    8.42   8.59  -0.17   12.36  12.61  -0.25   1.0
424200 4516400    0   -11.61 -11.62   0.01   10.58  10.76  -0.18   12.82  13.02  -0.20   1.0
424200 4517000    0   -14.17 -14.10  -0.07   13.16  13.35  -0.19   12.59  12.72  -0.13   1.0
424200 4517600    0   -16.90 -16.75  -0.15   16.00  16.21  -0.21   11.23  11.31  -0.08   1.0
424200 4518200    0   -19.40 -19.21  -0.19   18.71  18.95  -0.24    8.35   8.40  -0.05   1.0
424200 4518800    0   -21.11 -20.90  -0.21   20.60  20.90  -0.30    3.94   3.95  -0.01   1.0
424200 4519400    0   -21.49 -21.29  -0.20   21.02  21.42  -0.40   -1.35  -1.40   0.05   1.0
424200 4520000    2   -20.40 -20.21  -0.19   19.80  20.27  -0.47   -6.33  -6.50   0.17   1.0
424200 4520600    6   -18.22 -18.01  -0.21   17.41  17.86  -0.45  -10.01 -10.31   0.30   1.0
424200 4521200   33   -15.55 -15.27  -0.28   14.57  14.79  -0.22  -12.10 -12.37   0.27   1.0
424200 4521800  127   -12.87 -12.51  -0.36   11.83  11.57   0.26  -12.84 -12.69  -0.15   1.0
424200 4522400  158   -10.47 -10.21  -0.26    9.45   9.20   0.25  -12.67 -12.49  -0.18   1.0
424200 4523000  245    -8.46  -8.28  -0.18    7.51   7.16   0.35  -11.98 -11.61  -0.37   1.0
424200 4523600  220    -6.82  -6.74  -0.08    5.97   5.79   0.18  -11.06 -10.91  -0.15   1.0
424200 4524200  144    -5.51  -5.47  -0.04    4.77   4.75   0.02  -10.06 -10.19   0.13   1.0
424200 4524800  110    -4.48  -4.47  -0.01    3.84   3.87  -0.03   -9.08  -9.32   0.24   1.0
424500 4515500    0    -9.01  -9.10   0.09    7.01   7.15  -0.14   12.83  13.12  -0.29   1.0
424500 4516100    0   -11.28 -11.31   0.03    8.94   9.09  -0.15   13.74  13.97  -0.23   1.0
424500 4516700    0   -14.05 -13.99  -0.06   11.37  11.53  -0.16   14.14  14.31  -0.17   1.0
424500 4517300    0   -17.23 -17.09  -0.14   14.27  14.43  -0.16   13.57  13.68  -0.11   1.0
424500 4517900    0   -20.50 -20.31  -0.19   17.38  17.57  -0.19   11.44  11.52  -0.08   1.0
424500 4518500    0   -23.26 -23.04  -0.22   20.11  20.33  -0.22    7.35   7.41  -0.06   1.0
424500 4519100    0   -24.67 -24.48  -0.19   21.53  21.85  -0.32    1.57   1.61  -0.04   1.0
424500 4519700    0   -24.19 -24.04  -0.15   21.04  21.49  -0.45   -4.63  -4.68   0.05   1.0
424500 4520300    1   -22.01 -21.86  -0.15   18.85  19.38  -0.53   -9.66  -9.90   0.24   1.0
424500 4520900   39   -18.90 -18.58  -0.32   15.83  16.01  -0.18  -12.75 -12.91   0.16   1.0
424500 4521500   66   -15.62 -15.27  -0.35   12.78  12.80  -0.02  -14.03 -14.14   0.11   1.0
424500 4522100  201   -12.62 -12.18  -0.44   10.10   9.60   0.50  -14.04 -13.49  -0.55   1.0
424500 4522700  107   -10.10  -9.87  -0.23    7.93   7.87   0.06  -13.34 -13.41   0.07   1.0
424500 4523300  273    -8.06  -7.89  -0.17    6.22   5.90   0.32  -12.30 -11.83  -0.47   1.0
424500 4523900  195    -6.45  -6.38  -0.07    4.91   4.80   0.11  -11.15 -11.09  -0.06   1.0
424500 4524500  121    -5.19  -5.15  -0.04    3.91   3.91  -0.00  -10.01 -10.21   0.20   1.0
424800 4515200    0    -8.49  -8.60   0.11    5.62   5.72  -0.10   13.01  13.33  -0.32   1.0
424800 4515800    0   -10.75 -10.78   0.03    7.24   7.35  -0.11   14.27  14.54  -0.27   1.0
424800 4516400    0   -13.59 -13.55  -0.04    9.36   9.48  -0.12   15.24  15.44  -0.20   1.0
424800 4517000    0   -17.06 -16.92  -0.14   12.05  12.17  -0.12   15.48  15.63  -0.15   1.0
424800 4517600    0   -20.98 -20.78  -0.20   15.24  15.37  -0.13   14.36  14.46  -0.10   1.0
424800 4518200    0   -24.83 -24.60  -0.23   18.52  18.67  -0.15   11.10  11.19  -0.09   1.0
424800 4518800    0   -27.61 -27.42  -0.19   21.00  21.22  -0.22    5.39   5.51  -0.12   1.0
424800 4519400    0   -28.25 -28.14  -0.11   21.58  21.96  -0.38   -1.86  -1.76  -0.10   1.0
424800 4520000    0   -26.44 -26.39  -0.05   19.94  20.49  -0.55   -8.56  -8.64   0.08   1.0
424800 4520600    8   -22.98 -22.85  -0.13   16.92  17.42  -0.50  -13.06 -13.35   0.29   1.0
424800 4521200   58   -19.00 -18.63  -0.37   13.60  13.66  -0.06  -15.16 -15.23   0.07   1.0
424800 4521800  254   -15.27 -14.51  -0.76   10.64   9.78   0.86  -15.50 -14.35  -1.15   1.0
424800 4522400  128   -12.11 -11.77  -0.34    8.24   8.08   0.16  -14.83 -14.71  -0.12   1.0
424800 4523000  109    -9.56  -9.35  -0.21    6.38   6.33   0.05  -13.68 -13.76   0.08   1.0
424800 4523600  244    -7.57  -7.44  -0.13    4.97   4.76   0.21  -12.36 -12.03  -0.33   1.0
424800 4524200  152    -6.03  -5.96  -0.07    3.91   3.86   0.05  -11.05 -11.14   0.09   1.0
424800 4524800   94    -4.84  -4.80  -0.04    3.10   3.12  -0.02   -9.84 -10.11   0.27   1.0
425100 4515500    0   -10.05 -10.11   0.06    5.58   5.66  -0.08   14.43  14.73  -0.30   1.0
425100 4516100    0   -12.85 -12.83  -0.02    7.29   7.37  -0.08   15.84  16.08  -0.24   1.0
425100 4516700    0   -16.41 -16.30  -0.11    9.56   9.65  -0.09   16.81  16.98  -0.17   1.0
425100 4517300    0   -20.74 -20.54  -0.20   12.46  12.55  -0.09   16.75  16.87  -0.12   1.0
425100 4517900    0   -25.51 -25.28  -0.23   15.85  15.94  -0.09   14.74  14.84  -0.10   1.0
425100 4518500    0   -29.83 -29.64  -0.19   19.10  19.21  -0.11    9.86  10.00  -0.14   1.0
425100 4519100    0   -32.17 -32.09  -0.08   20.93  21.17  -0.24    2.15   2.37  -0.22   1.0
425100 4519700    0   -31.35 -31.42   0.07   20.28  20.77  -0.49   -6.31  -6.17  -0.14   1.0
425100 4520300    0   -27.83 -27.92   0.09   17.56  18.20  -0.64  -12.73 -12.92   0.19   1.0
425100 4520900   60   -23.13 -22.72  -0.41   14.12  14.16  -0.04  -16.08 -15.99  -0.09   1.0
425100 4521500  109   -18.51 -17.97  -0.54   10.94  10.73   0.21  -16.98 -16.66  -0.32   1.0
425100 4522100  232   -14.55 -13.91  -0.64    8.36   7.79   0.57  -16.43 -15.43  -1.00   1.0
425100 4522700  116   -11.38 -11.08  -0.30    6.38   6.30   0.08  -15.18 -15.16  -0.02   1.0
425100 4523300  235    -8.91  -8.69  -0.22    4.90   4.67   0.23  -13.69 -13.26  -0.43   1.0
425100 4523900  193    -7.02  -6.91  -0.11    3.80   3.70   0.10  -12.20 -12.09  -0.11   1.0
425100 4524500  107    -5.58  -5.52  -0.06    2.99   2.98   0.01  -10.81 -11.03   0.22   1.0
425400 4515200    0    -9.26  -9.34   0.08    4.05   4.09  -0.04   14.27  14.59  -0.32   1.0
425400 4515800    0   -11.91 -11.91  -0.00    5.32   5.37  -0.05   15.96  16.23  -0.27   1.0
425400 4516400    0   -15.39 -15.29  -0.10    7.06   7.11  -0.05   17.48  17.69  -0.21   1.0
425400 4517000    0   -19.82 -19.64  -0.18    9.38   9.44  -0.06   18.35  18.50  -0.15   1.0
425400 4517600    0   -25.16 -24.93  -0.23   12.37  12.42  -0.05   17.73  17.84  -0.11   1.0
425400 4518200    0   -30.82 -30.61  -0.21   15.76  15.81  -0.05   14.37  14.48  -0.11   1.0
425400 4518800    0   -35.24 -35.17  -0.07   18.58  18.69  -0.11    7.25   7.50  -0.25   1.0
425400 4519400    0   -36.30 -36.46   0.16   19.28  19.63  -0.35   -2.54  -2.17  -0.37   1.0
425400 4520000    1   -33.34 -33.64   0.30   17.34  17.96  -0.62  -11.32 -11.24  -0.08   1.0
425400 4520600   56   -28.04 -27.68  -0.36   14.05  14.11  -0.06  -16.51 -16.23  -0.28   1.0
425400 4521200   71   -22.42 -22.00  -0.42   10.80  10.82  -0.02  -18.33 -18.22  -0.11   1.0
425400 4521800  116   -17.50 -16.98  -0.52    8.14   7.99   0.15  -18.06 -17.75  -0.31   1.0
425400 4522400   79   -13.56 -13.23  -0.33    6.13   6.13   0.00  -16.79 -16.94   0.15   1.0
425400 4523000   60   -10.51 -10.27  -0.24    4.64   4.67  -0.03  -15.14 -15.46   0.32   1.0
425400 4523600  166    -8.20  -8.02  -0.18    3.55   3.46   0.09  -13.45 -13.35  -0.10   1.0
425400 4524200  144    -6.45  -6.36  -0.09    2.76   2.71   0.05  -11.87 -11.95   0.08   1.0
425400 4524800   74    -5.12  -5.07  -0.05    2.17   2.17  -0.00  -10.45 -10.76   0.31   1.0
425700 4515500    0   -10.86 -10.88   0.02    3.56   3.57  -0.01   15.69  15.99  -0.30   1.0
425700 4516100    0   -14.11 -14.04  -0.07    4.74   4.75  -0.01   17.55  17.79  -0.24   1.0
425700 4516700    0   -18.39 -18.23  -0.16    6.37   6.39  -0.02   19.10  19.29  -0.19   1.0
425700 4517300    0   -23.86 -23.63  -0.23    8.59   8.62  -0.03   19.69  19.82  -0.13   1.0
425700 4517900    0   -30.31 -30.10  -0.21   11.42  11.45  -0.03   18.12  18.21  -0.09   1.0
425700 4518500    0   -36.66 -36.55  -0.11   14.43  14.48  -0.05   12.71  12.91  -0.20   1.0
425700 4519100    0   -40.37 -40.54   0.17   16.30  16.52  -0.22    2.85   3.33  -0.48   1.0
425700 4519700    0   -39.05 -39.59   0.54   15.62  16.19  -0.57   -8.30  -7.86  -0.44   1.0
425700 4520300   44   -33.64 -33.50  -0.14   12.96  13.15  -0.19  -16.03 -15.58  -0.45   1.0
425700 4520900   70   -27.02 -26.61  -0.41    9.94   9.99  -0.05  -19.30 -18.99  -0.31   1.0
425700 4521500   81   -21.00 -20.56  -0.44    7.40   7.41  -0.01  -19.61 -19.51  -0.10   1.0
425700 4522100   76   -16.13 -15.76  -0.37    5.49   5.50  -0.01  -18.42 -18.55   0.13   1.0
425700 4522700   67   -12.38 -12.09  -0.29    4.10   4.11  -0.01  -16.65 -16.93   0.28   1.0
425700 4523300   56    -9.56  -9.35  -0.21    3.10   3.11  -0.01  -14.77 -15.13   0.36   1.0
425700 4523900   57    -7.45  -7.30  -0.15    2.37   2.38  -0.01  -12.99 -13.34   0.35   1.0
425700 4524500  110    -5.87  -5.79  -0.08    1.85   1.83   0.02  -11.40 -11.60   0.20   1.0
426000 4515200    0    -9.76  -9.82   0.06    2.05   2.03   0.02   15.11  15.43  -0.32   1.0
426000 4515800    0   -12.70 -12.67  -0.03    2.73   2.71   0.02   17.13  17.40  -0.27   1.0
426000 4516400    0   -16.65 -16.51  -0.14    3.68   3.67   0.01   19.09  19.30  -0.21   1.0
426000 4517000    0   -21.86 -21.65  -0.21    5.02   5.02   0.00   20.53  20.69  -0.16   1.0
426000 4517600    0   -28.45 -28.22  -0.23    6.84   6.86  -0.02   20.52  20.63  -0.11   1.0
426000 4518200    0   -35.93 -35.80  -0.13    9.11   9.16  -0.05   17.36  17.50  -0.14   1.0
426000 4518800    0   -42.30 -42.42   0.12   11.21  11.37  -0.16    9.14   9.57  -0.43   1.0
426000 4519400   19   -43.92 -43.99   0.07   11.76  11.97  -0.21   -3.24  -2.46  -0.78   1.0
426000 4520000   39   -39.48 -39.52   0.04   10.25  10.51  -0.26  -14.00 -13.23  -0.77   1.0
426000 4520600   64   -32.18 -31.92  -0.26    7.94   8.09  -0.15  -19.50 -18.99  -0.51   1.0
426000 4521200   96   -25.02 -24.46  -0.56    5.87   5.85   0.02  -20.82 -20.36  -0.46   1.0
426000 4521800  125   -19.11 -18.51  -0.60    4.30   4.20   0.10  -19.94 -19.48  -0.46   1.0
426000 4522400   77   -14.55 -14.20  -0.35    3.17   3.16   0.01  -18.16 -18.33   0.17   1.0
426000 4523000   63   -11.14 -10.88  -0.26    2.36   2.36   0.00  -16.13 -16.45   0.32   1.0
426000 4523600   57    -8.60  -8.41  -0.19    1.79   1.78   0.01  -14.16 -14.52   0.36   1.0
426000 4524200   52    -6.72  -6.59  -0.13    1.38   1.37   0.01  -12.39 -12.75   0.36   1.0
426000 4524800   56    -5.31  -5.23  -0.08    1.07   1.07   0.00  -10.84 -11.19   0.35   1.0
426300 4515500    0   -11.28 -11.28   0.00    1.09   1.04   0.05   16.36  16.66  -0.30   1.0
426300 4516100    0   -14.79 -14.69  -0.10    1.47   1.42   0.05   18.48  18.73  -0.25   1.0
426300 4516700    0   -19.50 -19.31  -0.19    2.00   1.96   0.04   20.41  20.61  -0.20   1.0
426300 4517300    0   -25.68 -25.45  -0.23    2.75   2.74   0.01   21.48  21.63  -0.15   1.0
426300 4517900    0   -33.32 -33.15  -0.17    3.77   3.82  -0.05   20.33  20.47  -0.14   1.0
426300 4518500    0   -41.31 -41.36   0.05    4.94   5.12  -0.18   14.79  15.10  -0.31   1.0
426300 4519100    5   -46.30 -46.72   0.42    5.73   6.12  -0.39    3.40   4.18  -0.78   1.0
426300 4519700   44   -44.49 -44.37  -0.12    5.44   5.76  -0.32   -9.82  -8.70  -1.12   1.0
426300 4520300   68   -37.43 -37.19  -0.24    4.35   4.59  -0.24  -18.31 -17.39  -0.92   1.0
426300 4520900   96   -29.38 -28.82  -0.56    3.23   3.30  -0.07  -21.33 -20.63  -0.70   1.0
426300 4521500  156   -22.42 -21.56  -0.86    2.35   2.27   0.08  -21.15 -20.11  -1.04   1.0
426300 4522100  142   -17.00 -16.42  -0.58    1.71   1.65   0.06  -19.53 -19.04  -0.49   1.0
426300 4522700   76   -12.92 -12.60  -0.32    1.26   1.24   0.02  -17.44 -17.67   0.23   1.0
426300 4523300   60    -9.90  -9.67  -0.23    0.95   0.92   0.03  -15.34 -15.68   0.34   1.0
426300 4523900   61    -7.67  -7.51  -0.16    0.72   0.69   0.03  -13.40 -13.74   0.34   1.0
426300 4524500   86    -6.02  -5.92  -0.10    0.56   0.53   0.03  -11.70 -11.96   0.26   1.0
426600 4515200    0    -9.92  -9.96   0.04   -0.19  -0.27   0.08   15.37  15.69  -0.32   1.0
426600 4515800    0   -12.95 -12.90  -0.05   -0.25  -0.34   0.09   17.50  17.77  -0.27   1.0
426600 4516400    0   -17.06 -16.90  -0.16   -0.34  -0.43   0.09   19.61  19.83  -0.22   1.0
426600 4517000    0   -22.53 -22.30  -0.23   -0.47  -0.54   0.07   21.27  21.46  -0.19   1.0
426600 4517600    0   -29.58 -29.37  -0.21   -0.65  -0.66   0.01   21.50  21.68  -0.18   1.0
426600 4518200    0   -37.80 -37.78  -0.02   -0.88  -0.75  -0.13   18.51  18.77  -0.26   1.0
426600 4518800    0   -45.06 -45.52   0.46   -1.11  -0.73  -0.38    9.93  10.60  -0.67   1.0
426600 4519400   19   -46.95 -47.58   0.63   -1.17  -0.63  -0.54   -3.54  -2.52  -1.02   1.0
426600 4520000   69   -41.81 -41.54  -0.27   -1.00  -0.57  -0.43  -15.07 -13.85  -1.22   1.0
426600 4520600  104   -33.65 -32.97  -0.68   -0.76  -0.54  -0.22  -20.60 -19.49  -1.11   1.0
426600 4521200  127   -25.89 -25.13  -0.76   -0.56  -0.48  -0.08  -21.68 -20.81  -0.87   1.0
426600 4521800  170   -19.63 -18.84  -0.79   -0.40  -0.39  -0.01  -20.57 -19.61  -0.96   1.0
426600 4522400  101   -14.87 -14.46  -0.41   -0.30  -0.33   0.03  -18.60 -18.59  -0.01   1.0
426600 4523000   89   -11.34 -11.04  -0.30   -0.22  -0.26   0.04  -16.44 -16.60   0.16   1.0
426600 4523600   79    -8.73  -8.52  -0.21   -0.17  -0.21   0.04  -14.39 -14.64   0.25   1.0
426600 4524200   96    -6.80  -6.67  -0.13   -0.13  -0.16   0.03  -12.55 -12.77   0.22   1.0
426600 4524800   58    -5.36  -5.28  -0.08   -0.10  -0.13   0.03  -10.96 -11.30   0.34   1.0
426900 4515500    0   -11.24 -11.23  -0.01   -1.52  -1.63   0.11   16.29  16.59  -0.30   1.0
426900 4516100    0   -14.72 -14.61  -0.11   -2.04  -2.16   0.12   18.40  18.64  -0.24   1.0
426900 4516700    0   -19.39 -19.18  -0.21   -2.79  -2.90   0.11   20.29  20.50  -0.21   1.0
426900 4517300    0   -25.51 -25.27  -0.24   -3.83  -3.91   0.08   21.30  21.51  -0.21   1.0
426900 4517900    0   -33.02 -32.90  -0.12   -5.22  -5.20  -0.02   20.11  20.38  -0.27   1.0
426900 4518500    0   -40.83 -41.09   0.26   -6.81  -6.61  -0.20   14.57  15.11  -0.54   1.0
426900 4519100    0   -45.67 -46.73   1.06   -7.88  -7.56  -0.32    3.34   4.31  -0.97   1.0
426900 4519700   65   -43.92 -43.65  -0.27   -7.49  -6.83  -0.66   -9.66  -8.45  -1.21   1.0
426900 4520300  107   -37.05 -36.26  -0.79   -6.02  -5.51  -0.51  -18.07 -16.72  -1.35   1.0
426900 4520900  149   -29.15 -28.07  -1.08   -4.48  -4.15  -0.33  -21.13 -19.73  -1.40   0.9
426900 4521500  181   -22.29 -21.30  -0.99   -3.26  -3.07  -0.19  -21.00 -19.73  -1.27   1.0
426900 4522100  141   -16.91 -16.34  -0.57   -2.38  -2.36  -0.02  -19.42 -18.97  -0.45   1.0
426900 4522700  129   -12.87 -12.48  -0.39   -1.76  -1.78   0.02  -17.37 -17.22  -0.15   1.0
426900 4523300  132    -9.87  -9.60  -0.27   -1.32  -1.35   0.03  -15.28 -15.24  -0.04   1.0
426900 4523900   91    -7.65  -7.48  -0.17   -1.01  -1.05   0.04  -13.36 -13.57   0.21   1.0
426900 4524500  125    -6.00  -5.91  -0.09   -0.78  -0.81   0.03  -11.67 -11.81   0.14   1.0
427200 4515200    0    -9.70  -9.73   0.03   -2.41  -2.54   0.13   15.00  15.32  -0.32   1.0
427200 4515800    0   -12.61 -12.54  -0.07   -3.20  -3.35   0.15   16.98  17.25  -0.27   1.0
427200 4516400    0   -16.49 -16.32  -0.17   -4.31  -4.46   0.15   18.88  19.11  -0.23   1.0
427200 4517000    0   -21.60 -21.35  -0.25   -5.85  -6.00   0.15   20.25  20.47  -0.22   1.0
427200 4517600    0   -28.02 -27.80  -0.22   -7.94  -8.05   0.11   20.15  20.41  -0.26   1.0
427200 4518200    0   -35.24 -35.27   0.03  -10.50 -10.52   0.02   16.95  17.39  -0.44   1.0
427200 4518800    0   -41.31 -41.93   0.62  -12.84 -12.80  -0.04    8.86   9.66  -0.80   1.0
427200 4519400   85   -42.83 -41.79  -1.04  -13.46 -12.39  -1.07   -3.14  -2.18  -0.96   0.9
427200 4520000  103   -38.63 -37.81  -0.82  -11.78 -11.02  -0.76  -13.62 -12.35  -1.27   1.0
427200 4520600  169   -31.63 -30.15  -1.48   -9.19  -8.39  -0.80  -19.09 -17.30  -1.79   0.3
427200 4521200  206   -24.68 -23.36  -1.32   -6.83  -6.28  -0.55  -20.50 -18.76  -1.74   0.5
427200 4521800  204   -18.91 -18.01  -0.90   -5.02  -4.74  -0.28  -19.70 -18.51  -1.19   1.0
427200 4522400  166   -14.43 -13.90  -0.53   -3.71  -3.64  -0.07  -17.98 -17.48  -0.50   1.0
427200 4523000  146   -11.06 -10.73  -0.33   -2.77  -2.77   0.00  -16.00 -15.83  -0.17   1.0
427200 4523600  116    -8.55  -8.34  -0.21   -2.10  -2.14   0.04  -14.08 -14.16   0.08   1.0
427200 4524200   95    -6.69  -6.55  -0.14   -1.62  -1.67   0.05  -12.33 -12.54   0.21   1.0
427200 4524800   77    -5.28  -5.20  -0.08   -1.26  -1.32   0.06  -10.79 -11.08   0.29   1.0
427500 4515500    0   -10.75 -10.73  -0.02   -3.93  -4.10   0.17   15.51  15.79  -0.28   1.0
427500 4516100    0   -13.93 -13.81  -0.12   -5.22  -5.40   0.18   17.31  17.54  -0.23   1.0
427500 4516700    0   -18.11 -17.89  -0.22   -7.00  -7.18   0.18   18.77  18.99  -0.22   1.0
427500 4517300    0   -23.40 -23.14  -0.26   -9.39  -9.57   0.18   19.26  19.50  -0.24   1.0
427500 4517900    0   -29.58 -29.42  -0.16  -12.39 -12.56   0.17   17.59  17.95  -0.36   1.0
427500 4518500    0   -35.58 -35.78   0.20  -15.54 -15.73   0.19   12.24  12.84  -0.60   1.0
427500 4519100   94   -39.04 -37.74  -1.30  -17.46 -16.23  -1.23    2.73   3.12  -0.39   0.5
427500 4519700  156   -37.82 -35.74  -2.08  -16.76 -14.98  -1.78   -7.96  -6.64  -1.32   0.1
427500 4520300  150   -32.75 -31.41  -1.34  -14.01 -13.00  -1.01  -15.50 -14.08  -1.42   0.5
427500 4520900  146   -26.44 -25.50  -0.94  -10.83 -10.34  -0.49  -18.82 -17.79  -1.03   1.0
427500 4521500  194   -20.64 -19.67  -0.97   -8.11  -7.66  -0.45  -19.22 -18.03  -1.19   1.0
427500 4522100   91   -15.91 -15.49  -0.42   -6.04  -6.10   0.06  -18.13 -18.19   0.06   1.0
427500 4522700  151   -12.25 -11.84  -0.41   -4.53  -4.48  -0.05  -16.44 -16.18  -0.26   1.0
427500 4523300  121    -9.47  -9.22  -0.25   -3.43  -3.46   0.03  -14.62 -14.65   0.03   1.0
427500 4523900  101    -7.39  -7.23  -0.16   -2.63  -2.68   0.05  -12.88 -13.06   0.18   1.0
427500 4524500  131    -5.83  -5.74  -0.09   -2.05  -2.08   0.03  -11.32 -11.44   0.12   1.0
427800 4515200    0    -9.15  -9.17   0.02   -4.35  -4.53   0.18   14.08  14.38  -0.30   1.0
427800 4515800    0   -11.74 -11.67  -0.07   -5.69  -5.89   0.20   15.71  15.96  -0.25   1.0
427800 4516400    0   -15.12 -14.95  -0.17   -7.52  -7.73   0.21   17.14  17.35  -0.21   1.0
427800 4517000    0   -19.39 -19.14  -0.25   -9.95 -10.18   0.23   17.90  18.12  -0.22   1.0
427800 4517600    0   -24.49 -24.23  -0.26  -13.02 -13.28   0.26   17.18  17.46  -0.28   1.0
427800 4518200    0   -29.83 -29.72  -0.11  -16.46 -16.78   0.32   13.81  14.24  -0.43   1.0
427800 4518800    0   -33.94 -34.21   0.27  -19.27 -19.77   0.50    6.92   7.51  -0.59   1.0
427800 4519400  140   -34.91 -33.18  -1.73  -19.96 -18.28  -1.68   -2.41  -1.80  -0.61   0.1
427800 4520000  143   -32.17 -30.83  -1.34  -18.04 -16.84  -1.20  -10.84  -9.77  -1.07   0.5
427800 4520600   90   -27.22 -26.74  -0.48  -14.74 -14.64  -0.10  -15.93 -15.57  -0.36   1.0
427800 4521200  162   -21.88 -20.99  -0.89  -11.42 -10.93  -0.49  -17.82 -16.93  -0.89   1.0
427800 4521800   50   -17.16 -16.83  -0.33   -8.66  -8.90   0.24  -17.67 -18.06   0.39   1.0
427800 4522400  125   -13.34 -12.91  -0.43   -6.54  -6.51  -0.03  -16.49 -16.35  -0.14   1.0
427800 4523000  123   -10.37 -10.07  -0.30   -4.97  -4.98   0.01  -14.92 -14.90  -0.02   1.0
427800 4523600  100    -8.10  -7.91  -0.19   -3.82  -3.87   0.05  -13.29 -13.44   0.15   1.0
427800 4524200  106    -6.39  -6.27  -0.12   -2.97  -3.02   0.05  -11.75 -11.93   0.18   1.0
427800 4524800   91    -5.08  -5.01  -0.07   -2.33  -2.40   0.07  -10.36 -10.61   0.25   1.0
428100 4515500    0    -9.89  -9.88  -0.01   -5.86  -6.08   0.22   14.18  14.45  -0.27   1.0
428100 4516100    0   -12.61 -12.50  -0.11   -7.63  -7.86   0.23   15.50  15.73  -0.23   1.0
428100 4516700    0   -16.03 -15.82  -0.21   -9.95 -10.21   0.26   16.37  16.57  -0.20   1.0
428100 4517300    0   -20.16 -19.88  -0.28  -12.89 -13.18   0.29   16.21  16.43  -0.22   1.0
428100 4517900    0   -24.66 -24.40  -0.26  -16.28 -16.63   0.35   14.17  14.47  -0.30   1.0
428100 4518500    0   -28.68 -28.59  -0.09  -19.47 -19.98   0.51    9.41   9.82  -0.41   1.0
428100 4519100   96   -30.83 -29.79  -1.04  -21.24 -20.36  -0.88    2.04   2.24  -0.20   0.9
428100 4519700   84   -30.08 -29.43  -0.65  -20.61 -20.23  -0.38   -6.00  -5.57  -0.43   1.0
428100 4520300   60   -26.82 -26.53  -0.29  -17.97 -18.19   0.22  -12.18 -12.07  -0.11   1.0
428100 4520900  108   -22.42 -21.79  -0.63  -14.56 -14.38  -0.18  -15.51 -15.17  -0.34   1.0
428100 4521500   37   -18.04 -17.74  -0.30  -11.36 -11.74   0.38  -16.49 -16.94   0.45   1.0
428100 4522100   46   -14.25 -13.91  -0.34   -8.72  -8.97   0.25  -16.04 -16.44   0.40   1.0
428100 4522700  175   -11.18 -10.80  -0.38   -6.69  -6.55  -0.14  -14.89 -14.56  -0.33   1.0
428100 4523300  108    -8.78  -8.55  -0.23   -5.16  -5.20   0.04  -13.48 -13.58   0.10   1.0
428100 4523900   94    -6.94  -6.79  -0.15   -4.01  -4.08   0.07  -12.04 -12.24   0.20   1.0
428100 4524500  136    -5.52  -5.45  -0.07   -3.16  -3.19   0.03  -10.69 -10.81   0.12   1.0
428400 4515200    0    -8.35  -8.39   0.04   -5.83  -6.06   0.23   12.77  13.05  -0.28   1.0
428400 4515800    0   -10.53 -10.48  -0.05   -7.49  -7.73   0.24   13.96  14.19  -0.23   1.0
428400 4516400    0   -13.27 -13.12  -0.15   -9.63  -9.90   0.27   14.84  15.03  -0.19   1.0
428400 4517000    0   -16.57 -16.33  -0.24  -12.33 -12.63   0.30   14.99  15.17  -0.18   1.0
428400 4517600    0   -20.27 -19.97  -0.30  -15.49 -15.84   0.35   13.80  14.02  -0.22   1.0
428400 4518200    0   -23.86 -23.60  -0.26  -18.69 -19.17   0.48   10.60  10.88  -0.28   1.0
428400 4518800    0   -26.43 -26.30  -0.13  -21.08 -21.76   0.68    5.12   5.42  -0.30   1.0
428400 4519400   86   -27.01 -26.24  -0.77  -21.63 -21.18  -0.45   -1.77  -1.53  -0.24   1.0
428400 4520000   51   -25.35 -25.00  -0.35  -20.06 -20.34   0.28   -8.14  -8.05  -0.09   1.0
428400 4520600   52   -22.15 -21.80  -0.35  -17.13 -17.48   0.35  -12.51 -12.62   0.11   1.0
428400 4521200  129   -18.41 -17.77  -0.64  -13.87 -13.61  -0.26  -14.63 -14.28  -0.35   1.0
428400 4521800   44   -14.87 -14.53  -0.34  -10.92 -11.21   0.29  -15.05 -15.42   0.37   1.0
428400 4522400  109   -11.84 -11.48  -0.36   -8.50  -8.51   0.01  -14.48 -14.48   0.00   1.0
428400 4523000  143    -9.39  -9.12  -0.27   -6.61  -6.57  -0.04  -13.40 -13.33  -0.07   1.0
428400 4523600  102    -7.45  -7.28  -0.17   -5.17  -5.23   0.06  -12.15 -12.31   0.16   1.0
428400 4524200  152    -5.95  -5.86  -0.09   -4.07  -4.09   0.02  -10.90 -10.96   0.06   1.0
428400 4524800  145    -4.78  -4.74  -0.04   -3.24  -3.28   0.04   -9.72  -9.85   0.13   1.0
428700 4515500    0    -8.82  -8.83   0.01   -7.19  -7.44   0.25   12.55  12.79  -0.24   1.0
428700 4516100    0   -11.01 -10.93  -0.08   -9.13  -9.40   0.27   13.38  13.57  -0.19   1.0
428700 4516700    0   -13.65 -13.47  -0.18  -11.55 -11.85   0.30   13.70  13.86  -0.16   1.0
428700 4517300    0   -16.65 -16.38  -0.27  -14.40 -14.75   0.35   13.06  13.22  -0.16   1.0
428700 4517900    0   -19.72 -19.41  -0.31  -17.44 -17.86   0.42   10.94  11.13  -0.19   1.0
428700 4518500    0   -22.27 -21.98  -0.29  -20.05 -20.62   0.57    6.99   7.19  -0.20   1.0
428700 4519100   82   -23.56 -22.82  -0.74  -21.40 -21.02  -0.38    1.48   1.54  -0.06   1.0
428700 4519700   54   -23.12 -22.64  -0.48  -20.93 -21.10   0.17   -4.39  -4.30  -0.09   1.0
428700 4520300   30   -21.12 -20.81  -0.31  -18.85 -19.40   0.55   -9.21  -9.37   0.16   1.0
428700 4520900   74   -18.22 -17.75  -0.47  -15.93 -16.06   0.13  -12.23 -12.26   0.03   1.0
428700 4521500   38   -15.13 -14.79  -0.34  -12.94 -13.30   0.36  -13.55 -13.89   0.34   1.0
428700 4522100   55   -12.29 -11.96  -0.33  -10.29 -10.50   0.21  -13.64 -13.92   0.28   1.0
428700 4522700  210    -9.87  -9.55  -0.32   -8.11  -7.85  -0.26  -13.02 -12.63  -0.39   1.0
428700 4523300  153    -7.91  -7.71  -0.20   -6.39  -6.36  -0.03  -12.05 -12.00  -0.05   1.0
428700 4523900  176    -6.34  -6.23  -0.11   -5.06  -5.03  -0.03  -10.95 -10.92  -0.03   1.0
428700 4524500  201    -5.11  -5.08  -0.03   -4.04  -4.02  -0.02   -9.86  -9.86  -0.00   1.0
429000 4515200    0    -7.42  -7.48   0.06   -6.82  -7.07   0.25   11.27  11.53  -0.26   1.0
429000 4515800    0    -9.17  -9.16  -0.01   -8.55  -8.82   0.27   12.04  12.24  -0.20   1.0
429000 4516400    0   -11.28 -11.18  -0.10  -10.69 -10.98   0.29   12.43  12.59  -0.16   1.0
429000 4517000    0   -13.71 -13.50  -0.21  -13.22 -13.55   0.33   12.14  12.27  -0.13   1.0
429000 4517600    0   -16.26 -15.98  -0.28  -15.99 -16.37   0.38   10.76  10.89  -0.13   1.0
429000 4518200    0   -18.59 -18.27  -0.32  -18.58 -19.07   0.49    7.96   8.09  -0.13   1.0
429000 4518800    0   -20.17 -19.85  -0.32  -20.38 -21.00   0.62    3.74   3.84  -0.10   1.0
429000 4519400   63   -20.51 -19.95  -0.56  -20.78 -20.77  -0.01   -1.28  -1.25  -0.03   1.0
429000 4520000   22   -19.52 -19.17  -0.35  -19.63 -20.19   0.56   -6.01  -6.14   0.13   1.0
429000 4520600   25   -17.50 -17.15  -0.35  -17.35 -17.88   0.53   -9.56  -9.82   0.26   1.0
429000 4521200   82   -15.00 -14.55  -0.45  -14.60 -14.67   0.07  -11.62 -11.67   0.05   1.0
429000 4521800   42   -12.48 -12.15  -0.33  -11.92 -12.21   0.29  -12.41 -12.72   0.31   1.0
429000 4522400  170   -10.20  -9.87  -0.33   -9.57  -9.38  -0.19  -12.31 -12.09  -0.22   1.0
429000 4523000  180    -8.26  -8.05  -0.21   -7.64  -7.51  -0.13  -11.70 -11.54  -0.16   1.0
429000 4523600  204    -6.68  -6.56  -0.12   -6.10  -6.00  -0.10  -10.83 -10.70  -0.13   1.0
429000 4524200  233    -5.42  -5.37  -0.05   -4.89  -4.82  -0.07   -9.88  -9.78  -0.10   1.0
429000 4524800  249    -4.41  -4.42   0.01   -3.95  -3.91  -0.04   -8.94  -8.89  -0.05   1.0
429300 4515500    0    -7.68  -7.72   0.04   -7.94  -8.21   0.27   10.83  11.05  -0.22   1.0
429300 4516100    0    -9.37  -9.33  -0.04   -9.82 -10.11   0.29   11.25  11.42  -0.17   1.0
429300 4516700   27   -11.33 -11.18  -0.15  -12.04 -12.24   0.20   11.17  11.18  -0.01   1.0
429300 4517300    0   -13.43 -13.21  -0.22  -14.51 -14.87   0.36   10.29  10.39  -0.10   1.0
429300 4517900    0   -15.46 -15.17  -0.29  -16.96 -17.38   0.42    8.32   8.40  -0.08   1.0
429300 4518500    0   -17.06 -16.74  -0.32  -18.93 -19.45   0.52    5.16   5.22  -0.06   1.0
429300 4519100   50   -17.85 -17.36  -0.49  -19.91 -20.01   0.10    1.08   1.05   0.03   1.0
429300 4519700   86   -17.58 -17.00  -0.58  -19.58 -19.40  -0.18   -3.21  -3.19  -0.02   1.0
429300 4520300   19   -16.35 -15.99  -0.36  -18.04 -18.57   0.53   -6.89  -7.10   0.21   1.0
429300 4520900   19   -14.49 -14.15  -0.34  -15.77 -16.25   0.48   -9.47  -9.77   0.30   1.0
429300 4521500   85   -12.38 -12.01  -0.37  -13.27 -13.32   0.05  -10.86 -10.94   0.08   1.0
429300 4522100  141   -10.33 -10.01  -0.32  -10.90 -10.76  -0.14  -11.30 -11.20  -0.10   1.0
429300 4522700  185    -8.50  -8.27  -0.23   -8.84  -8.66  -0.18  -11.09 -10.92  -0.17   1.0
429300 4523300  167    -6.95  -6.81  -0.14   -7.14  -7.08  -0.06  -10.51 -10.48  -0.03   1.0
429300 4523900  174    -5.68  -5.61  -0.07   -5.77  -5.74  -0.03   -9.75  -9.77   0.02   1.0
429300 4524500  264    -4.65  -4.65   0.00   -4.67  -4.60  -0.07   -8.93  -8.84  -0.09   1.0
429600 4515200    0    -6.47  -6.55   0.08   -7.34  -7.61   0.27    9.75   9.98  -0.23   1.0
429600 4515800    0    -7.83  -7.85   0.02   -8.99  -9.27   0.28   10.16  10.35  -0.19   1.0
429600 4516400   23    -9.40  -9.34  -0.06  -10.93 -11.15   0.22   10.21  10.27  -0.06   1.0
429600 4517000    0   -11.13 -10.98  -0.15  -13.10 -13.44   0.34    9.66   9.76  -0.10   1.0
429600 4517600    0   -12.86 -12.63  -0.23  -15.34 -15.72   0.38    8.30   8.36  -0.06   1.0
429600 4518200    0   -14.36 -14.07  -0.29  -17.32 -17.76   0.44    5.96   5.99  -0.03   1.0
429600 4518800   26   -15.33 -14.96  -0.37  -18.62 -18.91   0.29    2.74   2.70   0.04   1.0
429600 4519400   67   -15.54 -15.07  -0.47  -18.91 -18.90  -0.01   -0.93  -0.99   0.06   1.0
429600 4520000   92   -14.93 -14.44  -0.49  -18.08 -17.94  -0.14   -4.45  -4.46   0.01   1.0
429600 4520600   12   -13.66 -13.33  -0.33  -16.39 -16.90   0.51   -7.26  -7.53   0.27   1.0
429600 4521200   22   -12.01 -11.70  -0.31  -14.24 -14.63   0.39   -9.11  -9.41   0.30   1.0
429600 4521800   77   -10.26  -9.97  -0.29  -12.00 -12.11   0.11  -10.04 -10.18   0.14   1.0
429600 4522400  158    -8.60  -8.37  -0.23   -9.93  -9.79  -0.14  -10.26 -10.18  -0.08   1.0
429600 4523000  166    -7.13  -6.98  -0.15   -8.13  -8.05  -0.08  -10.00  -9.96  -0.04   1.0
429600 4523600  161    -5.88  -5.80  -0.08   -6.64  -6.62  -0.02   -9.46  -9.50   0.04   1.0
429600 4524200  201    -4.85  -4.82  -0.03   -5.42  -5.39  -0.03   -8.79  -8.81   0.02   1.0
429600 4524800  255    -4.00  -4.04   0.04   -4.44  -4.40  -0.04   -8.08  -8.07  -0.01   1.0
429900 4515500    0    -6.58  -6.64   0.06   -8.21  -8.49   0.28    9.19   9.39  -0.20   1.0
429900 4516100    0    -7.85  -7.86   0.01   -9.90 -10.20   0.30    9.31   9.45  -0.14   1.0
429900 4516700    0    -9.26  -9.19  -0.07  -11.81 -12.13   0.32    8.98   9.08  -0.10   1.0
429900 4517300    0   -10.71 -10.57  -0.14  -13.81 -14.17   0.36    8.04   8.09  -0.05   1.0
429900 4517900    0   -12.05 -11.83  -0.22  -15.70 -16.09   0.39    6.32   6.34  -0.02   1.0
429900 4518500   12   -13.06 -12.78  -0.28  -17.15 -17.51   0.36    3.84   3.79   0.05   1.0
429900 4519100   35   -13.55 -13.20  -0.35  -17.84 -18.07   0.23    0.80   0.71   0.09   1.0
429900 4519700   48   -13.38 -13.01  -0.37  -17.61 -17.78   0.17   -2.37  -2.47   0.10   1.0
429900 4520300    6   -12.62 -12.31  -0.31  -16.50 -17.00   0.50   -5.17  -5.41   0.24   1.0
429900 4520900   12   -11.42 -11.12  -0.30  -14.79 -15.23   0.44   -7.29  -7.58   0.29   1.0
429900 4521500   28   -10.00  -9.73  -0.27  -12.81 -13.13   0.32   -8.61  -8.89   0.28   1.0
429900 4522100  160    -8.55  -8.32  -0.23  -10.84 -10.67  -0.17   -9.22  -9.15  -0.07   1.0
429900 4522700  162    -7.20  -7.05  -0.15   -9.03  -8.93  -0.10   -9.30  -9.28  -0.02   1.0
429900 4523300  166    -6.01  -5.93  -0.08   -7.46  -7.42  -0.04   -9.02  -9.05   0.03   1.0
429900 4523900  166    -5.00  -4.96  -0.04   -6.15  -6.15   0.00   -8.54  -8.61   0.07   1.0
429900 4524500  215    -4.16  -4.17   0.01   -5.07  -5.06  -0.01   -7.95  -7.99   0.04   1.0
430200 4515200    0    -5.56  -5.66   0.10   -7.49  -7.77   0.28    8.31   8.53  -0.22   1.0
430200 4515800    0    -6.60  -6.65   0.05   -8.96  -9.26   0.30    8.47   8.64  -0.17   1.0
430200 4516400    0    -7.75  -7.74  -0.01  -10.63 -10.95   0.32    8.30   8.41  -0.11   1.0
430200 4517000    0    -8.96  -8.88  -0.08  -12.41 -12.75   0.34    7.65   7.71  -0.06   1.0
430200 4517600    0   -10.12  -9.98  -0.14  -14.15 -14.52   0.37    6.40   6.41  -0.01   1.0
430200 4518200    9   -11.09 -10.88  -0.21  -15.63 -15.97   0.34    4.49   4.45   0.04   1.0
430200 4518800   18   -11.70 -11.44  -0.26  -16.56 -16.88   0.32    2.04   1.95   0.09   1.0
430200 4519400   42   -11.83 -11.53  -0.30  -16.76 -16.96   0.20   -0.69  -0.81   0.12   1.0
430200 4520000    8   -11.45 -11.18  -0.27  -16.18 -16.61   0.43   -3.33  -3.52   0.19   1.0
430200 4520600    3   -10.65 -10.38  -0.27  -14.94 -15.40   0.46   -5.53  -5.79   0.26   1.0
430200 4521200   15    -9.56  -9.32  -0.24  -13.31 -13.67   0.36   -7.11  -7.40   0.29   1.0
430200 4521800  111    -8.36  -8.15  -0.21  -11.52 -11.51  -0.01   -8.05  -8.13   0.08   1.0
430200 4522400  161    -7.17  -7.02  -0.15   -9.78  -9.68  -0.10   -8.44  -8.44  -0.00   1.0
430200 4523000  160    -6.07  -5.98  -0.09   -8.21  -8.16  -0.05   -8.43  -8.48   0.05   1.0
430200 4523600  162    -5.10  -5.06  -0.04   -6.84  -6.84   0.00   -8.16  -8.24   0.08   1.0
430200 4524200  173    -4.28  -4.27  -0.01   -5.69  -5.71   0.02   -7.72  -7.82   0.10   1.0
430200 4524800  263    -3.58  -3.64   0.06   -4.74  -4.70  -0.04   -7.21  -7.23   0.02   1.0
430500 4515500    0    -5.57  -5.67   0.10   -8.13  -8.42   0.29    7.71   7.89  -0.18   1.0
430500 4516100    0    -6.52  -6.57   0.05   -9.58  -9.89   0.31    7.64   7.77  -0.13   1.0
430500 4516700   39    -7.52  -7.52  -0.00  -11.15 -11.35   0.20    7.20   7.19   0.01   1.0
430500 4517300    7    -8.52  -8.45  -0.07  -12.73 -13.05   0.32    6.28   6.30  -0.02   1.0
430500 4517900   10    -9.41  -9.27  -0.14  -14.15 -14.48   0.33    4.84   4.80   0.04   1.0
430500 4518500    7   -10.06  -9.87  -0.19  -15.21 -15.57   0.36    2.89   2.81   0.08   1.0
430500 4519100   24   -10.36 -10.14  -0.22  -15.71 -16.00   0.29    0.59   0.48   0.11   1.0
430500 4519700   61   -10.26 -10.01  -0.25  -15.54 -15.64   0.10   -1.77  -1.90   0.13   1.0
430500 4520300    8    -9.77  -9.54  -0.23  -14.75 -15.14   0.39   -3.92  -4.14   0.22   1.0
430500 4520900    9    -8.99  -8.77  -0.22  -13.48 -13.86   0.38   -5.63  -5.90   0.27   1.0
430500 4521500   73    -8.03  -7.85  -0.18  -11.95 -12.07   0.12   -6.81  -6.98   0.17   1.0
430500 4522100  163    -7.02  -6.89  -0.13  -10.36 -10.24  -0.12   -7.48  -7.49   0.01   1.0
430500 4522700  158    -6.04  -5.96  -0.08   -8.84  -8.79  -0.05   -7.72  -7.77   0.05   1.0
430500 4523300  157    -5.14  -5.10  -0.04   -7.47  -7.47  -0.00   -7.66  -7.75   0.09   1.0
430500 4523900  165    -4.35  -4.35  -0.00   -6.28  -6.30   0.02   -7.39  -7.50   0.11   1.0
430500 4524500  197    -3.68  -3.71   0.03   -5.27  -5.28   0.01   -7.00  -7.10   0.10   1.0
430800 4515200    0    -4.74  -4.87   0.13   -7.38  -7.66   0.28    7.03   7.23  -0.20   1.0
430800 4515800    0    -5.52  -5.61   0.09   -8.65  -8.95   0.30    7.02   7.16  -0.14   1.0
430800 4516400    0    -6.35  -6.40   0.05  -10.03 -10.34   0.31    6.72   6.82  -0.10   1.0
430800 4517000   51    -7.20  -7.20  -0.00  -11.45 -11.62   0.17    6.06   6.02   0.04   1.0
430800 4517600    9    -7.99  -7.92  -0.07  -12.78 -13.10   0.32    4.96   4.94   0.02   1.0
430800 4518200    8    -8.62  -8.51  -0.11  -13.87 -14.20   0.33    3.43   3.36   0.07   1.0
430800 4518800   21    -9.01  -8.86  -0.15  -14.55 -14.84   0.29    1.54   1.43   0.11   1.0
430800 4519400   25    -9.10  -8.92  -0.18  -14.69 -14.97   0.28   -0.52  -0.67   0.15   1.0
430800 4520000   94    -8.86  -8.66  -0.20  -14.27 -14.25  -0.02   -2.52  -2.64   0.12   1.0
430800 4520600   91    -8.33  -8.15  -0.18  -13.37 -13.40   0.03   -4.25  -4.38   0.13   1.0
430800 4521200   88    -7.61  -7.45  -0.16  -12.14 -12.20   0.06   -5.57  -5.72   0.15   1.0
430800 4521800  145    -6.78  -6.66  -0.12  -10.74 -10.67  -0.07   -6.45  -6.51   0.06   1.0
430800 4522400  150    -5.93  -5.86  -0.07   -9.33  -9.30  -0.03   -6.92  -7.00   0.08   1.0
430800 4523000  158    -5.12  -5.09  -0.03   -8.00  -7.99  -0.01   -7.06  -7.15   0.09   1.0
430800 4523600  160    -4.39  -4.38  -0.01   -6.80  -6.83   0.03   -6.96  -7.08   0.12   1.0
430800 4524200  186    -3.74  -3.76   0.02   -5.76  -5.79   0.03   -6.71  -6.82   0.11   1.0
430800 4524800  315    -3.18  -3.27   0.09   -4.87  -4.82  -0.05   -6.37  -6.37  -0.00   1.0
431100 4515500    0    -4.69  -4.82   0.13   -7.82  -8.11   0.29    6.45   6.61  -0.16   1.0
431100 4516100    0    -5.39  -5.48   0.09   -9.03  -9.34   0.31    6.25   6.36  -0.11   1.0
431100 4516700   53    -6.11  -6.16   0.05  -10.30 -10.48   0.18    5.77   5.75   0.02   1.0
431100 4517300   56    -6.79  -6.80   0.01  -11.53 -11.69   0.16    4.94   4.87   0.07   1.0
431100 4517900    8    -7.39  -7.34  -0.05  -12.60 -12.92   0.32    3.74   3.69   0.05   1.0
431100 4518500   15    -7.81  -7.72  -0.09  -13.37 -13.67   0.30    2.20   2.11   0.09   1.0
431100 4519100   20    -8.01  -7.89  -0.12  -13.73 -14.02   0.29    0.45   0.32   0.13   1.0
431100 4519700   35    -7.94  -7.80  -0.14  -13.61 -13.84   0.23   -1.35  -1.51   0.16   1.0
431100 4520300  113    -7.63  -7.49  -0.14  -13.03 -12.99  -0.04   -3.01  -3.13   0.12   1.0
431100 4520900  129    -7.11  -6.99  -0.12  -12.09 -12.03  -0.06   -4.39  -4.49   0.10   1.0
431100 4521500  121    -6.46  -6.36  -0.10  -10.93 -10.93  -0.00   -5.41  -5.52   0.11   1.0
431100 4522100  135    -5.75  -5.69  -0.06   -9.67  -9.67   0.00   -6.06  -6.17   0.11   1.0
431100 4522700  163    -5.04  -5.01  -0.03   -8.42  -8.40  -0.02   -6.39  -6.48   0.09   1.0
431100 4523300  161    -4.37  -4.37  -0.00   -7.26  -7.28   0.02   -6.46  -6.58   0.12   1.0
431100 4523900  178    -3.76  -3.79   0.03   -6.21  -6.24   0.03   -6.35  -6.47   0.12   1.0
431100 4524500  327    -3.23  -3.32   0.09   -5.30  -5.22  -0.08   -6.11  -6.10  -0.01   1.0
431400 4515200    0    -4.02  -4.17   0.15   -7.09  -7.37   0.28    5.92   6.10  -0.18   1.0
431400 4515800    0    -4.60  -4.72   0.12   -8.16  -8.45   0.29    5.80   5.93  -0.13   1.0
431400 4516400    0    -5.20  -5.29   0.09   -9.28  -9.59   0.31    5.45   5.53  -0.08   1.0
431400 4517000  106    -5.80  -5.88   0.08  -10.40 -10.46   0.06    4.82   4.73   0.09   1.0
431400 4517600   70    -6.34  -6.36   0.02  -11.42 -11.55   0.13    3.88   3.79   0.09   1.0
431400 4518200   11    -6.76  -6.73  -0.03  -12.22 -12.54   0.32    2.65   2.57   0.08   1.0
431400 4518800   18    -7.02  -6.95  -0.07  -12.72 -13.01   0.29    1.18   1.06   0.12   1.0
431400 4519400   24    -7.07  -6.99  -0.08  -12.82 -13.10   0.28   -0.40  -0.55   0.15   1.0
431400 4520000   40    -6.92  -6.82  -0.10  -12.52 -12.75   0.23   -1.94  -2.11   0.17   1.0
431400 4520600   92    -6.57  -6.48  -0.09  -11.86 -11.93   0.07   -3.30  -3.45   0.15   1.0
431400 4521200  100    -6.08  -6.01  -0.07  -10.93 -11.00   0.07   -4.40  -4.55   0.15   1.0
431400 4521800   99    -5.51  -5.45  -0.06   -9.85  -9.94   0.09   -5.18  -5.35   0.17   1.0
431400 4522400  185    -4.90  -4.90  -0.00   -8.72  -8.66  -0.06   -5.66  -5.74   0.08   1.0
431400 4523000  205    -4.31  -4.33   0.02   -7.62  -7.58  -0.04   -5.89  -5.96   0.07   1.0
431400 4523600  235    -3.75  -3.80   0.05   -6.60  -6.56  -0.04   -5.92  -5.98   0.06   1.0
431400 4524200  365    -3.24  -3.35   0.11   -5.68  -5.56  -0.12   -5.80  -5.76  -0.04   1.0
431400 4524800  373    -2.80  -2.92   0.12   -4.88  -4.80  -0.08   -5.58  -5.58  -0.00   1.0
431700 4515500    0    -3.94  -4.10   0.16   -7.39  -7.67   0.28    5.38   5.52  -0.14   1.0
431700 4516100    0    -4.46  -4.58   0.12   -8.38  -8.68   0.30    5.13   5.22  -0.09   1.0
431700 4516700   37    -4.97  -5.07   0.10   -9.39  -9.63   0.24    4.65   4.66  -0.01   1.0
431700 4517300  121    -5.45  -5.54   0.09  -10.34 -10.37   0.03    3.91   3.80   0.11   1.0
431700 4517900   52    -5.85  -5.88   0.03  -11.15 -11.34   0.19    2.92   2.83   0.09   1.0
431700 4518500   17    -6.13  -6.12  -0.01  -11.72 -12.01   0.29    1.71   1.60   0.11   1.0
431700 4519100   22    -6.26  -6.23  -0.03  -11.98 -12.26   0.28    0.35   0.21   0.14   1.0
431700 4519700   29    -6.22  -6.17  -0.05  -11.89 -12.15   0.26   -1.04  -1.21   0.17   1.0
431700 4520300   49    -6.01  -5.95  -0.06  -11.47 -11.67   0.20   -2.34  -2.52   0.18   1.0
431700 4520900   76    -5.66  -5.61  -0.05  -10.77 -10.91   0.14   -3.45  -3.63   0.18   1.0
431700 4521500   90    -5.22  -5.18  -0.04   -9.88 -10.00   0.12   -4.32  -4.50   0.18   1.0
431700 4522100   99    -4.72  -4.70  -0.02   -8.89  -9.01   0.12   -4.92  -5.11   0.19   1.0
431700 4522700  257    -4.20  -4.25   0.05   -7.88  -7.76  -0.12   -5.28  -5.31   0.03   1.0
431700 4523300  374    -3.70  -3.80   0.10   -6.91  -6.70  -0.21   -5.44  -5.37  -0.07   1.0
431700 4523900  424    -3.24  -3.36   0.12   -6.01  -5.82  -0.19   -5.43  -5.35  -0.08   1.0
431700 4524500  397    -2.81  -2.94   0.13   -5.21  -5.10  -0.11   -5.31  -5.29  -0.02   1.0
432000 4515200    0    -3.40  -3.57   0.17   -6.71  -6.98   0.27    4.98   5.14  -0.16   1.0
432000 4515800    0    -3.83  -3.99   0.16   -7.59  -7.88   0.29    4.80   4.92  -0.12   1.0
432000 4516400    0    -4.27  -4.40   0.13   -8.49  -8.80   0.31    4.44   4.51  -0.07   1.0
432000 4517000  111    -4.70  -4.83   0.13   -9.37  -9.47   0.10    3.87   3.79   0.08   1.0
432000 4517600  123    -5.07  -5.17   0.10  -10.15 -10.19   0.04    3.07   2.96   0.11   1.0
432000 4518200   15    -5.36  -5.39   0.03  -10.75 -11.05   0.30    2.07   1.98   0.09   1.0
432000 4518800   22    -5.53  -5.54   0.01  -11.12 -11.40   0.28    0.92   0.79   0.13   1.0
432000 4519400   28    -5.57  -5.55  -0.02  -11.19 -11.46   0.27   -0.31  -0.47   0.16   1.0
432000 4520000   47    -5.46  -5.44  -0.02  -10.97 -11.19   0.22   -1.51  -1.69   0.18   1.0
432000 4520600   62    -5.23  -5.21  -0.02  -10.48 -10.66   0.18   -2.60  -2.78   0.18   1.0
432000 4521200   79    -4.89  -4.88  -0.01   -9.78  -9.93   0.15   -3.50  -3.69   0.19   1.0
432000 4521800   87    -4.49  -4.49  -0.00   -8.94  -9.09   0.15   -4.18  -4.38   0.20   1.0
432000 4522400  106    -4.06  -4.07   0.01   -8.05  -8.17   0.12   -4.65  -4.84   0.19   1.0
432000 4523000  248    -3.62  -3.69   0.07   -7.15  -7.09  -0.06   -4.92  -4.99   0.07   1.0
432000 4523600  447    -3.20  -3.34   0.14   -6.29  -6.06  -0.23   -5.02  -4.94  -0.08   1.0
432000 4524200  402    -2.81  -2.94   0.13   -5.50  -5.38  -0.12   -4.99  -4.98  -0.01   1.0
432000 4524800  366    -2.45  -2.58   0.13   -4.79  -4.74  -0.05   -4.87  -4.92   0.05   1.0
432300 4515500    0    -3.32  -3.49   0.17   -6.89  -7.17   0.28    4.49   4.62  -0.13   1.0
432300 4516100    0    -3.69  -3.85   0.16   -7.70  -7.99   0.29    4.22   4.30  -0.08   1.0
432300 4516700    0    -4.06  -4.19   0.13   -8.50  -8.81   0.31    3.77   3.80  -0.03   1.0
432300 4517300   93    -4.40  -4.53   0.13   -9.24  -9.38   0.14    3.13   3.06   0.07   1.0
432300 4517900   58    -4.68  -4.77   0.09   -9.85 -10.05   0.20    2.31   2.22   0.09   1.0
432300 4518500   19    -4.87  -4.92   0.05  -10.27 -10.56   0.29    1.34   1.23   0.11   1.0
432300 4519100   24    -4.96  -4.99   0.03  -10.46 -10.74   0.28    0.27   0.13   0.14   1.0
432300 4519700   39    -4.93  -4.94   0.01  -10.40 -10.64   0.24   -0.81  -0.98   0.17   1.0
432300 4520300   43    -4.79  -4.79   0.00  -10.09 -10.32   0.23   -1.84  -2.03   0.19   1.0
432300 4520900   74    -4.55  -4.56   0.01   -9.56  -9.73   0.17   -2.74  -2.93   0.19   1.0
432300 4521500   80    -4.24  -4.25   0.01   -8.88  -9.05   0.17   -3.48  -3.67   0.19   1.0
432300 4522100   90    -3.88  -3.90   0.02   -8.11  -8.26   0.15   -4.02  -4.22   0.20   1.0
432300 4522700  111    -3.51  -3.54   0.03   -7.30  -7.43   0.13   -4.38  -4.57   0.19   1.0
432300 4523300  371    -3.13  -3.26   0.13   -6.50  -6.35  -0.15   -4.58  -4.58  -0.00   1.0
432300 4523900  405    -2.78  -2.92   0.14   -5.74  -5.62  -0.12   -4.64  -4.64  -0.00   1.0
432300 4524500  366    -2.45  -2.58   0.13   -5.04  -4.99  -0.05   -4.60  -4.65   0.05   1.0
432600 4515200    0    -2.88  -3.07   0.19   -6.27  -6.54   0.27    4.20   4.34  -0.14   1.0
432600 4515800    0    -3.20  -3.38   0.18   -7.00  -7.28   0.28    3.99   4.09  -0.10   1.0
432600 4516400    0    -3.53  -3.69   0.16   -7.72  -8.02   0.30    3.64   3.69  -0.05   1.0
432600 4517000    0    -3.83  -3.96   0.13   -8.41  -8.72   0.31    3.13   3.13  -0.00   1.0
432600 4517600    0    -4.09  -4.20   0.11   -9.01  -9.33   0.32    2.46   2.41   0.05   1.0
432600 4518200    0    -4.29  -4.37   0.08   -9.47  -9.79   0.32    1.64   1.56   0.08   1.0
432600 4518800   27    -4.41  -4.47   0.06   -9.74 -10.01   0.27    0.72   0.60   0.12   1.0
432600 4519400   37    -4.43  -4.48   0.05   -9.79 -10.05   0.26   -0.24  -0.40   0.16   1.0
432600 4520000   39    -4.36  -4.39   0.03   -9.63  -9.87   0.24   -1.19  -1.37   0.18   1.0
432600 4520600   53    -4.20  -4.23   0.03   -9.26  -9.48   0.22   -2.07  -2.26   0.19   1.0
432600 4521200   79    -3.97  -4.00   0.03   -8.73  -8.90   0.17   -2.81  -3.01   0.20   1.0
432600 4521800   89    -3.68  -3.72   0.04   -8.08  -8.24   0.16   -3.41  -3.60   0.19   1.0
432600 4522400  105    -3.37  -3.41   0.04   -7.37  -7.51   0.14   -3.84  -4.03   0.19   1.0
432600 4523000  194    -3.04  -3.12   0.08   -6.64  -6.69   0.05   -4.11  -4.26   0.15   1.0
432600 4523600  399    -2.73  -2.87   0.14   -5.92  -5.81  -0.11   -4.26  -4.28   0.02   1.0
432600 4524200  365    -2.42  -2.56   0.14   -5.25  -5.20  -0.05   -4.29  -4.35   0.06   1.0
432600 4524800  306    -2.14  -2.26   0.12   -4.63  -4.65   0.02   -4.25  -4.35   0.10   1.0
432900 4515500    0    -2.79  -2.99   0.20   -6.37  -6.65   0.28    3.76   3.88  -0.12   1.0
432900 4516100    0    -3.07  -3.26   0.19   -7.03  -7.32   0.29    3.49   3.56  -0.07   1.0
432900 4516700    0    -3.34  -3.50   0.16   -7.67  -7.97   0.30    3.08   3.10  -0.02   1.0
432900 4517300    0    -3.58  -3.72   0.14   -8.24  -8.55   0.31    2.53   2.51   0.02   1.0
432900 4517900    0    -3.78  -3.89   0.11   -8.71  -9.02   0.31    1.85   1.78   0.07   1.0
432900 4518500    0    -3.91  -4.00   0.09   -9.03  -9.35   0.32    1.07   0.96   0.11   1.0
432900 4519100   36    -3.97  -4.05   0.08   -9.17  -9.43   0.26    0.22   0.07   0.15   1.0
432900 4519700   45    -3.95  -4.02   0.07   -9.13  -9.37   0.24   -0.65  -0.81   0.16   1.0
432900 4520300   44    -3.85  -3.90   0.05   -8.89  -9.13   0.24   -1.47  -1.66   0.19   1.0
432900 4520900   95    -3.69  -3.75   0.06   -8.49  -8.65   0.16   -2.21  -2.39   0.18   1.0
432900 4521500   85    -3.47  -3.52   0.05   -7.97  -8.14   0.17   -2.82  -3.02   0.20   1.0
432900 4522100   94    -3.21  -3.26   0.05   -7.36  -7.53   0.17   -3.30  -3.50   0.20   1.0
432900 4522700  144    -2.93  -3.01   0.08   -6.71  -6.82   0.11   -3.64  -3.82   0.18   1.0
432900 4523300  343    -2.65  -2.79   0.14   -6.05  -5.99  -0.06   -3.86  -3.93   0.07   1.0
432900 4523900  355    -2.38  -2.52   0.14   -5.41  -5.38  -0.03   -3.96  -4.04   0.08   1.0
432900 4524500  338    -2.12  -2.25   0.13   -4.81  -4.82   0.01   -3.98  -4.07   0.09   1.0
---------------------------------------------------------------------------------------------

                                                            Number of outlier values=   6
